SPEED	TORQUE
696.3799504	-1.231998207
696.47	-1.0201
696.5671966	-0.494370807
696.6673675	0.266234126
696.7654974	1.156983471
696.8565711	2.073145905
696.9355734	2.9099901
696.9974891	3.562784731
697.0373031	3.926798473
697.05	3.8973
697.0328625	3.405467725
696.9923642	2.526119021
696.9372766	1.369980998
696.8763712	0.047780768
696.8184194	-1.329754559
696.7721926	-2.651897869
696.7464623	-3.807922054
696.75	-4.6871
696.7890487	-5.204851071
696.8597382	-5.381180521
696.9556695	-5.26224008
697.0704441	-4.894181475
697.1976632	-4.323156436
697.330928	-3.595316692
697.4638399	-2.75681397
697.59	-1.8538
697.7039113	-0.931822818
697.8036832	-0.034015687
697.8883265	0.79709182
697.9568523	1.518970132
698.0082716	2.089089678
698.0415954	2.464920886
698.0558345	2.603934183
698.05	2.4636
698.024349	2.021077106
697.984123	1.332277644
697.9358096	0.472802095
697.8858965	-0.481749055
697.8408714	-1.455775323
697.8072218	-2.373676226
697.7914355	-3.159851279
697.8	-3.7387
697.8373841	-4.053242248
697.8999812	-4.120979262
697.9821655	-3.978032623
698.0783115	-3.660523913
698.1827936	-3.204574714
698.2899861	-2.646306608
698.3942634	-2.021841176
698.49	-1.3673
698.5725011	-0.7176003
698.640796	-0.102841844
698.6948447	0.44807996
698.7346074	0.906269708
698.7600442	1.242831992
698.7711151	1.428871406
698.7677804	1.435492544
698.75	1.2338
698.7186464	0.809768448
698.678241	0.20885289
698.6342172	-0.508621593
698.5920088	-1.282329918
698.5570492	-2.051947004
698.5347722	-2.757147767
698.5306113	-3.337607127
698.55	-3.733
698.5964874	-3.89837197
698.6660839	-3.850251277
698.7529153	-3.62053683
698.8511074	-3.241127534
698.9547862	-2.743922297
699.0580773	-2.160820024
699.1551066	-1.523719623
699.24	-0.86452
699.3082947	-0.215454398
699.3611735	0.389906595
699.401231	0.917658054
699.4310614	1.333895056
699.4532592	1.604712676
699.4704186	1.696205989
699.4851341	1.574470072
699.5	1.2056
699.5171113	0.576448233
699.5365657	-0.243103227
699.5579615	-1.162414997
699.5808968	-2.09084769
699.6049701	-2.937761923
699.6297795	-3.612518308
699.6549234	-4.024477462
699.68	-4.083
699.7048811	-3.729191778
699.7305323	-3.031139624
699.7581926	-2.088675606
699.7891012	-1.001631795
699.8244972	0.130159741
699.8656196	1.206866931
699.9137075	2.128657707
699.97	2.7957
700.0344776	3.132874465
700.1020864	3.163912659
700.1665141	2.937258867
700.2214482	2.50135737
700.2605762	1.904652452
700.2775859	1.195588396
700.2661646	0.422609484
700.22	-0.36584
700.1351968	-1.126106276
700.0175282	-1.833697577
699.8751845	-2.468912635
699.716356	-3.012050186
699.549233	-3.443408963
699.3820058	-3.743287702
699.2228647	-3.891985136
699.08	-3.8698
698.9605164	-3.666078929
698.8671757	-3.306360165
698.8016541	-2.82522985
698.7656279	-2.257274127
698.7607732	-1.637079138
698.7887661	-0.999231025
698.851283	-0.378315932
698.95	0.19108
699.0843197	0.67844049
699.2445502	1.069528706
699.4187263	1.35417768
699.5948824	1.522220443
699.7610533	1.563490026
699.9052734	1.467819459
700.0155775	1.225041773
700.08	0.82499
700.0904862	0.268218123
700.0546234	-0.401836066
699.9839095	-1.131013821
699.8898424	-1.865156396
699.78392	-2.550105047
699.6776402	-3.131701028
699.5825009	-3.555785594
699.51	-3.7682
699.4689504	-3.732126437
699.457425	-3.480110848
699.4708116	-3.062040112
699.504498	-2.527801108
699.5538723	-1.927280715
699.6143221	-1.310365814
699.6812354	-0.726943282
699.75	-0.2269
699.8162317	0.148812744
699.876458	0.394986021
699.9274341	0.515346495
699.9659154	0.513620828
699.9886574	0.393535682
699.9924152	0.158817721
699.9739443	-0.186806394
699.93	-0.63961
699.8593259	-1.187828737
699.7686182	-1.787547456
699.6665615	-2.38681331
699.5618402	-2.933673454
699.4631389	-3.376175042
699.3791422	-3.662365226
699.3185343	-3.740291161
699.29	-3.558
699.299082	-3.087520511
699.3387568	-2.396807917
699.3988591	-1.577799055
699.4692237	-0.722430761
699.5396853	0.077360129
699.6000787	0.729636776
699.6402387	1.142462346
699.65	1.2239
699.6225491	0.912909942
699.5644796	0.272040531
699.4857365	-0.605262833
699.3962651	-1.625554753
699.3060105	-2.695389828
699.224918	-3.72132266
699.1629328	-4.609907851
699.13	-5.2677
699.1331628	-5.624308124
699.1678561	-5.701558895
699.2266129	-5.544333401
699.301966	-5.197512728
699.3864484	-4.705977965
699.4725929	-4.114610198
699.5529325	-3.468290513
699.62	-2.8119
699.6681786	-2.183194439
699.6992522	-1.591428388
699.7168549	-1.038731102
699.7246208	-0.527231833
699.7261842	-0.059059836
699.7251791	0.363655638
699.7252396	0.738785334
699.73	1.0642
699.7417205	1.336068261
699.7571665	1.54375026
699.7717294	1.67490402
699.7808007	1.717187562
699.7797719	1.658258909
699.7640346	1.485776083
699.7289801	1.187397106
699.67	0.75078
699.5847244	0.176778816
699.4797381	-0.480968278
699.3638642	-1.155627088
699.2459263	-1.780363416
699.1347476	-2.288343067
699.0391514	-2.612731846
698.9679611	-2.686695555
698.93	-2.4434
698.9313349	-1.843791651
698.9670062	-0.959939647
699.029298	0.108306206
699.1104941	1.261096102
699.2028784	2.398580235
699.2987348	3.4209088
699.3903474	4.22823199
699.47	4.7207
699.5312251	4.825810346
699.5725495	4.580449835
699.5937485	4.048852596
699.5945975	3.295252759
699.5748718	2.383884451
699.5343467	1.378981803
699.4727977	0.344778943
699.39	-0.65449
699.2872022	-1.562185574
699.1715458	-2.352047038
699.0516456	-3.00540833
698.9361161	-3.503603387
698.8335721	-3.827966145
698.7526282	-3.959830542
698.7018993	-3.880530514
698.69	-3.5714
698.7224465	-3.027465063
698.7923609	-2.298520277
698.889767	-1.448052343
699.0046883	-0.539547962
699.1271486	0.363506163
699.2471716	1.197623333
699.3547808	1.899316846
699.44	2.4051
699.4952385	2.667210473
699.5224481	2.700783457
699.5259663	2.536678521
699.5101307	2.205755236
699.4792788	1.738873171
699.437748	1.166891897
699.3898759	0.520670983
699.34	-0.16893
699.2921661	-0.869497826
699.2492531	-1.542404645
699.2138482	-2.147468949
699.1885388	-2.644509231
699.175912	-2.993343984
699.1785551	-3.153791701
699.1990554	-3.085670876
699.24	-2.7488
699.3023668	-2.123317782
699.380696	-1.270643784
699.4679182	-0.272517785
699.5569641	0.789320437
699.6407646	1.833131104
699.7122502	2.777174439
699.7643518	3.539710664
699.79	4.039
699.7843823	4.214921765
699.7517131	4.093831656
699.6984635	3.723704465
699.6311047	3.152514983
699.5561078	2.428238004
699.479944	1.598848319
699.4090843	0.71232072
699.35	-0.18337
699.3079556	-1.041936759
699.2833892	-1.823843308
699.2755325	-2.491241108
699.2836171	-3.006281621
699.3068745	-3.331116305
699.3445364	-3.427896623
699.3958344	-3.258774034
699.46	-2.7859
699.5353384	-1.997171038
699.6164489	-0.983463892
699.6970042	0.138599637
699.7706771	1.252397749
699.8311403	2.241308641
699.8720667	2.988710515
699.887129	3.377981568
699.87	3.2925
699.8169993	2.657100188
699.7350339	1.562441219
699.6336577	0.14063836
699.5224246	-1.476193124
699.4108884	-3.155937968
699.308603	-4.766480906
699.2251222	-6.175706672
699.17	-7.2515
699.1502581	-7.891340651
699.1627904	-8.111088485
699.2019586	-7.95619839
699.2621244	-7.472125252
699.3376497	-6.704323957
699.4228962	-5.698249392
699.5122257	-4.499356444
699.6	-3.1531
699.6812651	-1.707168444
699.7538046	-0.218184153
699.8160861	1.254996997
699.8665777	2.653519131
699.9037471	3.918526374
699.926062	4.99116285
699.9319904	5.812572684
699.92	6.3239
699.8893299	6.484344504
699.8423039	6.325328222
699.7820172	5.896328761
699.7115647	5.246823727
699.6340417	4.426290727
699.5525432	3.484207368
699.4701643	2.470051257
699.39	1.4333
699.3149115	0.422074998
699.2468236	-0.520927173
699.1874272	-1.354366142
699.1384133	-2.036901539
699.1014727	-2.527192994
699.0782964	-2.783900136
699.0705752	-2.765682595
699.08	-2.4312
699.1070399	-1.761061683
699.1472768	-0.82367578
699.1950708	0.29059987
699.244782	1.49140743
699.2907704	2.688389061
699.3273962	3.791186925
699.3490193	4.709443184
699.35	5.3528
699.3265773	5.653599468
699.2825066	5.634983419
699.2234223	5.342793615
699.1549587	4.82287182
699.0827503	4.121059798
699.0124315	3.283199312
698.9496366	2.355132124
698.9	1.3827
698.8680571	0.411201895
698.8539467	-0.516234458
698.8567088	-1.357024135
698.8753831	-2.068582211
698.9090095	-2.60832376
698.9566279	-2.933663858
699.0172781	-3.00201758
699.09	-2.7708
699.1731085	-2.219081659
699.262019	-1.412554962
699.3514223	-0.438567778
699.4360089	0.615532023
699.5104693	1.662396571
699.5694942	2.614677997
699.6077743	3.38502843
699.62	3.8861
699.6027122	4.054757379
699.5598521	3.9247154
699.4972114	3.553901438
699.4205815	3.000242868
699.3357539	2.321667064
699.2485201	1.576101402
699.1646716	0.821473256
699.09	0.11571
699.0294218	-0.490102855
698.9843537	-0.972247262
698.9553375	-1.313847036
698.9429152	-1.498025994
698.9476285	-1.507907953
698.9700191	-1.32661673
699.010629	-0.93727614
699.07	-0.32301
699.1473156	0.516224316
699.2363269	1.51313521
699.3294267	2.583597527
699.4190077	3.64348611
699.4974627	4.608675804
699.5571846	5.395041454
699.5905661	5.918457905
699.59	6.0948
699.5506711	5.867023754
699.4789323	5.286409858
699.3839283	4.431320171
699.274804	3.380116555
699.1607042	2.21116087
699.0507737	1.002814975
698.9541574	-0.166559268
698.88	-1.2186
698.8352733	-2.085820172
698.8182564	-2.744231984
698.8250554	-3.180722449
698.8517763	-3.38217858
698.8945252	-3.335487388
698.9494081	-3.027535885
699.012531	-2.445211085
699.08	-1.5754
699.1481576	-0.426516308
699.2142921	0.906919642
699.2759283	2.308860838
699.3305908	3.663260264
699.3758045	4.854070908
699.4090941	5.765245754
699.4279843	6.28073779
699.43	6.2845
699.4139713	5.702805132
699.3839502	4.631204978
699.3452941	3.207571091
699.3033605	1.569775023
699.2635069	-0.144311673
699.2310906	-1.796817444
699.2114692	-3.249870738
699.21	-4.3656
699.2308206	-5.037547092
699.2731885	-5.284907524
699.3351415	-5.15829022
699.4147171	-4.708304105
699.5099532	-3.985558101
699.6188872	-3.040661133
699.7395569	-1.924222125
699.87	-0.68685
700.0077269	0.619099739
700.1481396	1.934285274
700.2861127	3.197618209
700.416521	4.348010146
700.5342391	5.324372691
700.6341419	6.065617446
700.7111039	6.510656014
700.76	6.5984
700.7771389	6.289706047
700.7645656	5.63321096
700.7257593	4.699496585
700.664199	3.559144769
700.5833639	2.282737357
700.4867329	0.940856194
700.3777852	-0.395916874
700.26	-1.657
700.1370182	-2.778489844
700.0131291	-3.723197083
699.8927836	-4.460610898
699.7804329	-4.960220473
699.6805281	-5.191514988
699.5975203	-5.123983627
699.5358606	-4.72711557
699.5	-3.9704
699.4926201	-2.847044133
699.5093242	-1.445127317
699.543946	0.123553062
699.5903192	1.747199622
699.6422775	3.314014979
699.6936546	4.71220175
699.7382842	5.829962552
699.77	6.5555
699.7838098	6.806146843
699.7794177	6.615756352
699.7577017	6.047311932
699.7195401	5.163796985
699.665811	4.028194915
699.5973925	2.703489125
699.5151628	1.252663019
699.42	-0.2613
699.3136055	-1.773015114
699.2009738	-3.207491842
699.0879228	-4.48733829
698.9802702	-5.535162563
698.8838339	-6.273572765
698.8044315	-6.625177002
698.7478809	-6.512583379
698.72	-5.8584
698.724444	-4.628076818
698.7562182	-2.958431172
698.8081656	-1.029122248
698.873129	0.980190766
698.9439512	2.889848685
699.0134752	4.520192321
699.0745439	5.691562488
699.12	6.2243
699.1442046	5.995363791
699.1475908	5.108185278
699.1321102	3.722814001
699.0997139	1.999299498
699.0523534	0.097691308
698.99198	-1.821961031
698.9205451	-3.59960798
698.84	-5.0752
698.7529175	-6.120094556
698.6643559	-6.731277129
698.5799953	-6.937140202
698.5055154	-6.766076259
698.446596	-6.246477783
698.4089171	-5.406737259
698.3981585	-4.27524717
698.42	-2.8804
698.4774654	-1.264473065
698.5629542	0.474716988
698.6662095	2.225468681
698.7769746	3.876080536
698.884993	5.314851074
698.9800078	6.430078816
699.0517624	7.110062284
699.09	7.2431
699.0875528	6.756767677
699.0496087	5.735749803
698.9844442	4.304008056
698.9003361	2.585504115
698.8055609	0.70419966
698.7083954	-1.215943631
698.6171162	-3.050964077
698.54	-4.6769
698.4837294	-5.989106238
698.4486111	-6.960203699
698.4333574	-7.58212981
698.4366811	-7.846821995
698.4572947	-7.746217681
698.4939106	-7.272254293
698.5452416	-6.416869258
698.61	-5.172
698.6861622	-3.554817921
698.7687596	-1.683430318
698.8520869	0.298821535
698.9304394	2.248596366
698.9981119	4.0225529
699.0493995	5.477349866
699.0785972	6.469645991
699.08	6.8561
699.0498638	6.541520694
698.9922882	5.623317158
698.9133338	4.247048551
698.8190613	2.558274032
698.715531	0.702552759
698.6088037	-1.17455611
698.5049398	-2.927493415
698.41	-4.4107
698.3296951	-5.505798252
698.2683376	-6.203136751
698.2298902	-6.520245623
698.2183156	-6.474654995
698.2375765	-6.083894991
698.2916357	-5.36549574
698.384456	-4.336987368
698.52	-3.0159
698.6985041	-1.436574755
698.9052988	0.299403285
699.1219882	2.073638043
699.3301764	3.767733446
699.5114676	5.263293418
699.6474659	6.441921884
699.7197753	7.18522277
699.71	7.3748
699.6080854	6.93525274
699.4373423	5.963161112
699.2294227	4.598100482
699.0159787	2.979646211
698.8286624	1.247373664
698.6991258	-0.459141796
698.659021	-2.000324805
698.74	-3.2366
698.9684706	-4.064543626
699.3498632	-4.525338359
699.8843639	-4.696318485
700.5721586	-4.65481829
701.4134335	-4.478172058
702.4083747	-4.243714076
703.5571682	-4.028778628
704.86	-3.9107
706.3105907	-3.96072648
707.8767986	-4.225762365
709.5200164	-4.746625955
711.2016368	-5.564135552
712.8830526	-6.719109454
714.5256566	-8.252365963
716.0908415	-10.20472338
717.54	-12.617
718.8418228	-15.49848581
719.9941925	-18.73235749
721.0022894	-22.17026344
721.8712942	-25.663852
722.6063871	-29.06477157
723.2127488	-32.22467051
723.6955596	-34.99519719
724.06	-37.228
724.3130555	-38.81586955
724.4689315	-39.81616547
724.5436383	-40.32738964
724.5531865	-40.44804394
724.5135863	-40.27663025
724.4408483	-39.91165044
724.3509827	-39.4516064
724.26	-38.995
724.1797833	-38.62488951
724.1057066	-38.36255875
724.0290165	-38.21384793
723.9409598	-38.18459724
723.8327831	-38.2806469
723.6957331	-38.50783711
723.5210565	-38.87200808
723.3	-39.379
723.0229284	-40.02328529
722.6766796	-40.75386514
722.2472096	-41.50837294
721.7204742	-42.22444209
721.0824296	-42.83970597
720.3190317	-43.29179799
719.4162365	-43.51835154
718.36	-43.457
717.1435615	-43.07157089
715.7892936	-42.4306682
714.3268522	-41.62909
712.7858932	-40.76163441
711.1960726	-39.92309952
709.5870463	-39.20828343
707.9884701	-38.71198422
706.43	-38.529
704.931517	-38.71906981
703.4738023	-39.20169645
702.0278621	-39.86132368
700.5647029	-40.58239526
699.0553307	-41.24935492
697.470752	-41.74664643
695.781973	-41.95871354
693.96	-41.77
691.9887299	-41.08373386
689.9036223	-39.87828037
687.7530274	-38.15078909
685.5852953	-35.89840956
683.4487763	-33.11829133
681.3918207	-29.80758397
679.4627785	-25.963437
677.71	-21.583
676.1838759	-16.71419514
674.9429586	-11.60803518
674.0478409	-6.566305509
673.5591159	-1.890791508
673.5373764	2.116721432
674.0432153	5.154447922
675.1372256	6.920602574
676.88	7.1134
679.2970166	5.543285919
682.2732935	2.469630484
685.6587339	-1.735965046
689.303241	-6.701899409
693.0567179	-12.05657135
696.7690679	-17.4283796
700.2901942	-22.4457229
703.47	-26.737
706.1969445	-30.02141689
708.5137112	-32.38140863
710.50154	-33.99021751
712.2416702	-35.02108585
713.8153417	-35.64725597
715.3037941	-36.04197016
716.788267	-36.37847073
718.35	-36.83
720.0501469	-37.52747929
721.8695178	-38.43254598
723.7688368	-39.46451647
725.7088281	-40.54270717
727.6502159	-41.58643447
729.5537244	-42.51501478
731.3800777	-43.24776449
733.09	-43.704
734.6538546	-43.8273183
736.0805614	-43.6584387
737.3886793	-43.26236112
738.5967674	-42.70408545
739.7233845	-42.0486116
740.7870896	-41.36093947
741.8064418	-40.70606897
742.8	-40.149
743.7810166	-39.74286666
744.7415178	-39.49333983
745.6682232	-39.39422459
746.5478525	-39.43932602
747.3671251	-39.62244919
748.1127609	-39.9373992
748.7714793	-40.37798111
749.33	-40.938
749.7678602	-41.60144945
750.0358674	-42.31307699
750.0776465	-43.00781866
749.8368228	-43.62061048
749.2570213	-44.0863885
748.2818669	-44.34008874
746.8549848	-44.31664723
744.92	-43.951
742.4454918	-43.20065586
739.4998565	-42.11341471
736.1764445	-40.75964922
732.5686062	-39.20973205
728.7696922	-37.53403587
724.8730528	-35.80293336
720.9720386	-34.08679718
717.16	-32.456
713.5151139	-30.97886069
710.0548628	-29.7154829
706.7815559	-28.72391649
703.6975022	-28.06221132
700.8050107	-27.78841723
698.1063905	-27.96058407
695.6039506	-28.63676171
693.3	-29.875
691.1902832	-31.68134669
689.2442859	-33.85384117
687.4249295	-36.13852074
685.6951349	-38.28142268
684.0178235	-40.02858428
682.3559164	-41.12604284
680.6723349	-41.31983565
678.93	-40.356
677.1092417	-38.06786407
675.2600247	-34.63791959
673.4497224	-30.33594918
671.7457081	-25.43173547
670.2153554	-20.19506108
668.9260375	-14.89570862
667.9451279	-9.803460721
667.34	-5.1881
667.1551914	-1.264358167
667.3438965	1.973236721
667.8364741	4.585207516
668.5632826	6.632077073
669.4546808	8.174368245
670.4410274	9.272603888
671.4526809	9.987306855
672.42	10.379
673.2877466	10.50942545
674.0582954	10.4452024
674.7484244	10.25416932
675.3749114	10.00416468
675.9545346	9.763026964
676.5040718	9.59859463
677.0403009	9.578706152
677.58	9.7712
678.136166	10.21550736
678.7066719	10.83743026
679.2856098	11.53436346
679.8670716	12.20370169
680.4451496	12.74283972
681.0139356	13.04917228
681.5675217	13.02009412
682.1	12.553
682.6071598	11.58798243
683.0915796	10.235925
683.5575351	8.650409082
684.009302	6.985016045
684.4511563	5.393327251
684.8873735	4.028924069
685.3222295	3.045387863
685.76	2.5963
686.2029097	2.781700633
686.6449786	3.487465059
687.0781758	4.545927363
687.4944702	5.789421629
687.8858309	7.050281941
688.2442268	8.160842384
688.5616268	8.953437043
688.83	9.2604
689.0446585	8.964793377
689.2142872	8.152591438
689.350914	6.960496484
689.466567	5.525210815
689.5732741	3.983436732
689.6830633	2.471876535
689.8079626	1.127232524
689.96	0.086207
690.1477726	-0.545420089
690.3661538	-0.785558203
690.6065861	-0.683039157
690.8605119	-0.286694765
691.1193737	0.354643161
691.374614	1.192142806
691.6176753	2.176972357
691.84	3.2603
692.0351885	4.39030362
692.2054726	5.50319989
692.3552417	6.532215182
692.4888856	7.41057587
692.6107938	8.071508323
692.7253558	8.448238915
692.8369614	8.473994016
692.95	8.082
693.0683483	7.237844089
693.1938309	6.03655691
693.3277596	4.605529941
693.4714458	3.072154662
693.6262013	1.563822549
693.7933377	0.207925083
693.9741668	-0.86814626
694.17	-1.537
694.381262	-1.707615131
694.6048287	-1.434452528
694.8366888	-0.808343541
695.0728313	0.079880484
695.3092448	1.139388198
695.5419182	2.279348254
695.7668404	3.408929304
695.98	4.4373
696.1780686	5.288078348
696.3604482	5.942679766
696.5272234	6.396969027
696.6784791	6.646810903
696.8142999	6.688070166
696.9347705	6.516611588
697.0399757	6.128299942
697.13	5.519
697.2050965	4.697462287
697.2661912	3.723980339
697.3143784	2.671733448
697.3507522	1.613900904
697.3764071	0.623661997
697.3924371	-0.225803983
697.3999367	-0.861317745
697.4	-1.2097
697.3940453	-1.220464994
697.3847869	-0.933901123
697.375263	-0.41299032
697.3685119	0.27928548
697.3675718	1.079944346
697.3754809	1.926004343
697.3952776	2.754483539
697.43	3.5024
697.4813394	4.114591829
697.5455986	4.567177277
697.6177336	4.84409463
697.6927001	4.929282175
697.7654542	4.806678197
697.8309516	4.460220985
697.8841483	3.873848823
697.92	3.0315
697.9355191	1.937748067
697.9359437	0.679707639
697.9285684	-0.634871403
697.9206875	-1.898239179
697.9195957	-3.002645807
697.9325875	-3.840341407
697.9669574	-4.303576098
698.03	-4.2846
698.1259591	-3.717355581
698.2468765	-2.702554708
698.381743	-1.382601595
698.5195498	0.10009954
698.6492879	1.603144483
698.7599482	2.984129018
698.8405219	4.100648929
698.88	4.8103
698.8712498	5.009259804
698.8226442	4.748033067
698.7464323	4.1157063
698.6548633	3.201366019
698.5601864	2.094098734
698.4746507	0.882990961
698.4105056	-0.342870788
698.38	-1.4944
698.392069	-2.494352191
698.4423906	-3.312850997
698.5233287	-3.931862083
698.6272471	-4.333351114
698.7465096	-4.499283757
698.87348	-4.411625675
699.0005222	-4.052342534
699.12	-3.4034
699.2255328	-2.464762759
699.315762	-1.308391579
699.3905849	-0.024246249
699.4498983	1.297713439
699.4935995	2.567527698
699.5215855	3.695236738
699.5337533	4.590880768
699.53	5.1645
699.510839	5.349374417
699.4792488	5.171743092
699.4388241	4.681084874
699.3931596	3.926878607
699.3458502	2.95860314
699.3004907	1.825737318
699.2606757	0.577759989
699.23	-0.73585
699.2117557	-2.062436569
699.2080241	-3.336634697
699.2205838	-4.489902132
699.2512132	-5.453696618
699.301691	-6.159475902
699.3737956	-6.538697729
699.4693058	-6.522819847
699.59	-6.0433
699.7360638	-5.065586833
699.9013109	-3.691092584
700.077962	-2.05522039
700.2582376	-0.293373386
700.4343586	1.459045292
700.5985455	3.066632506
700.7430191	4.393985121
700.86	5.3057
700.9435593	5.701725269
700.9951697	5.623414097
701.0181543	5.147470918
701.0158363	4.350600161
700.9915387	3.309506259
700.9485847	2.100893644
700.8902975	0.801466747
700.82	-0.51207
700.7411834	-1.76861141
700.6580103	-2.919449274
700.5748114	-3.921474628
700.4959173	-4.731578508
700.4256584	-5.306651949
700.3683655	-5.603585988
700.3283692	-5.579271659
700.31	-5.1906
700.3157306	-4.419671445
700.3406014	-3.349424033
700.3777953	-2.088005198
700.4204947	-0.74356238
700.4618823	0.575756987
700.4951406	1.761805463
700.5134523	2.706435613
700.51	3.3015
700.4799764	3.46973936
700.4266151	3.257447123
700.3551597	2.741804894
700.2708539	1.999994276
700.1789414	1.109196874
700.0846657	0.146594291
699.9932707	-0.810631868
699.91	-1.6853
699.8394809	-2.41193697
699.7838756	-2.971903522
699.7447299	-3.35826887
699.7235897	-3.564102226
699.7220007	-3.582472803
699.7415089	-3.406449816
699.7836601	-3.029102477
699.85	-2.4435
699.940264	-1.655321948
700.046945	-0.720689284
700.1607253	0.291666678
700.2722873	1.313014626
700.3723135	2.274623245
700.4514861	3.107761223
700.5004874	3.743697245
700.51	4.1137
700.4740921	4.168866226
700.4003758	3.939604877
700.2998494	3.476152957
700.1835109	2.828747472
700.0623586	2.047625429
699.9473906	1.183023832
699.849605	0.285179687
699.78	-0.59567
699.7464342	-1.411916688
699.7442081	-2.126465691
699.7654827	-2.704850791
699.8024189	-3.112605765
699.8471778	-3.315264393
699.8919203	-3.278360456
699.9288073	-2.967427731
699.95	-2.348
699.9495657	-1.411616683
699.9291981	-0.253839767
699.8924973	1.003763116
699.8430635	2.239624336
699.7844967	3.332176265
699.7203971	4.159851272
699.6543648	4.601081727
699.59	4.5343
699.5307717	3.881246875
699.4796244	2.736896792
699.4393717	1.239532606
699.4128272	-0.472562831
699.4028042	-2.261106664
699.4121163	-3.987816039
699.4435771	-5.514408102
699.5	-6.7026
699.5826797	-7.445732732
699.6868356	-7.763642715
699.8061681	-7.707790219
699.9343779	-7.329635513
700.0651654	-6.680638868
700.1922313	-5.812260554
700.309276	-4.775960841
700.41	-3.6232
700.4891541	-2.40513704
700.5456896	-1.171725932
700.5796082	0.027380612
700.5909113	1.142529882
700.5796004	2.124069167
700.5456773	2.922345755
700.4891433	3.487706937
700.41	3.7705
700.3091609	3.737616244
700.1911871	3.422123007
700.0615515	2.873631638
699.925727	2.141753485
699.7891867	1.276099896
699.6574034	0.32628222
699.5358502	-0.658088195
699.43	-1.6274
699.3443389	-2.535292194
699.2794057	-3.348405159
699.2347523	-4.036629625
699.2099306	-4.569856321
699.2044926	-4.917975977
699.2179902	-5.050879323
699.2499754	-4.938457087
699.3	-4.5506
699.3667061	-3.875797274
699.4450964	-2.97693206
699.5292636	-1.935485991
699.6133005	-0.8329407
699.6912998	0.249222178
699.7573543	1.22952101
699.8055568	2.026474162
699.83	2.5586
699.8267467	2.766257463
699.7997399	2.677167773
699.7548924	2.340892728
699.6981174	1.806994122
699.6353276	1.12503375
699.5724362	0.344573409
699.515356	-0.484825106
699.47	-1.3136
699.4408383	-2.09503531
699.4265691	-2.793798409
699.4244479	-3.377402499
699.4317301	-3.813360787
699.445671	-4.069186476
699.463526	-4.112392772
699.4825505	-3.910492878
699.5	-3.431
699.5134158	-2.66348751
699.5214837	-1.685769451
699.5231753	-0.597720036
699.5174624	0.500786526
699.5033167	1.509876021
699.4797099	2.32967424
699.4456138	2.86030697
699.4	3.0019
699.3428422	2.689577537
699.2781212	1.998457464
699.2108197	1.038656079
699.1459204	-0.079710316
699.0884061	-1.246525422
699.0432595	-2.351672938
699.0154632	-3.285036564
699.01	-3.9365
699.0304108	-4.22410014
699.0744691	-4.178486654
699.1385069	-3.858462407
699.2188559	-3.322830263
699.3118479	-2.630393085
699.4138147	-1.839953739
699.5210881	-1.01031509
699.63	-0.20028
699.7368038	0.538262671
699.8374398	1.181080091
699.9277699	1.710853431
700.0036561	2.110263866
700.0609602	2.361992567
700.0955443	2.448720708
700.1032702	2.353129461
700.08	2.0579
700.0235263	1.556207775
699.9393654	0.883205354
699.8349643	0.08453958
699.7177699	-0.794142701
699.5952292	-1.707194644
699.4747894	-2.608969405
699.3638973	-3.453820139
699.27	-4.1961
699.1988955	-4.796865921
699.149786	-5.243989943
699.1202246	-5.532047884
699.1077645	-5.655615562
699.1099588	-5.609268794
699.1243607	-5.387583399
699.1485234	-4.985135195
699.18	-4.3965
699.2161845	-3.62896909
699.2538343	-2.740695581
699.2895474	-1.802548043
699.3199222	-0.885395052
699.3415566	-0.060105178
699.351049	0.602453003
699.3449974	1.03141092
699.32	1.1559
699.2741203	0.929381346
699.2112831	0.402634765
699.1368786	-0.349230255
699.0562968	-1.251104232
698.9749279	-2.22787768
698.8981621	-3.204441113
698.8313894	-4.105685048
698.78	-4.8565
698.748135	-5.395226018
698.7349395	-5.714001294
698.7383094	-5.818413553
698.7561407	-5.714050521
698.7863294	-5.406499924
698.8267715	-4.901349487
698.8753631	-4.204186937
698.93	-3.3206
698.9885349	-2.269138991
699.0486464	-1.12020459
699.1079698	0.042839935
699.1641404	1.136631315
699.2147935	2.07780628
699.2575643	2.783001562
699.290088	3.168853892
699.31	3.152
699.3157333	2.680078859
699.3089125	1.824738404
699.2919598	0.688628813
699.2672975	-0.625599738
699.2373481	-2.015297072
699.2045338	-3.377813011
699.171277	-4.61049738
699.14	-5.6107
699.1129069	-6.297644412
699.0913288	-6.678049026
699.0763787	-6.780505967
699.0691694	-6.633607362
699.070814	-6.265945336
699.0824254	-5.706112017
699.1051164	-4.982699529
699.14	-4.1243
699.1872095	-3.163957068
699.2429599	-2.152520424
699.3024865	-1.145291272
699.3610247	-0.197570814
699.4138098	0.635339745
699.4560771	1.298139203
699.4830621	1.735526356
699.49	1.8922
699.4739581	1.732046123
699.4393315	1.295699473
699.3923471	0.642981992
699.3392317	-0.166284382
699.2862124	-1.072277708
699.2395161	-2.015176046
699.2053696	-2.935157457
699.19	-3.7724
699.1981884	-4.476066876
699.2289327	-5.031261844
699.2797853	-5.432073805
699.3482984	-5.672591658
699.4320241	-5.746904305
699.5285148	-5.649100644
699.6353227	-5.373269575
699.75	-4.9135
699.8691869	-4.276086315
699.9858751	-3.51614491
700.0921445	-2.700997671
700.1800748	-1.897966484
700.2417458	-1.174373237
700.2692371	-0.597539817
700.2546286	-0.234788109
700.19	-0.15344
700.0718611	-0.398606028
699.9144418	-0.926551329
699.7364023	-1.671329692
699.5564024	-2.566994904
699.3931022	-3.547600753
699.2651617	-4.547201027
699.191241	-5.499849513
699.19	-6.3396
699.2726657	-6.996272231
699.4207325	-7.382749774
699.6082621	-7.407682155
699.8093157	-6.979718899
699.9979548	-6.007509531
700.148241	-4.399703575
700.2342355	-2.064950556
700.23	1.0881
700.132613	5.118985536
700.0312217	9.959991363
700.0379909	15.51158976
700.2650849	21.674253
700.8246683	28.34845337
701.8289056	35.43466314
703.3899613	42.83335459
705.62	50.445
708.5698122	58.14519825
712.044693	65.71005463
715.7885634	72.89080105
719.5453447	79.43866939
723.0589579	85.10489156
726.0733241	89.64069946
728.3323644	92.79732497
729.58	94.326
729.6426695	94.08091736
728.6768813	92.32811354
726.9216616	89.43658592
724.6160363	85.77533192
721.9990315	81.71334893
719.3096731	77.61963434
716.7869873	73.86318557
714.67	70.813
713.1411115	68.75889793
712.1562193	67.67399122
711.6145949	67.45221463
711.4155101	67.98750292
711.4582366	69.17379085
711.6420459	70.90501316
711.8662098	73.07510463
712.03	75.578
712.0533727	78.29896162
711.9390228	81.0885622
711.7103298	83.78870202
711.3906732	86.24128138
711.0034324	88.28820057
710.571987	89.77135987
710.1197163	90.53265959
709.67	90.414
709.242546	89.31845089
708.8423769	87.39375997
708.4708436	84.84884446
708.1292971	81.89262155
707.8190885	78.73400844
707.5415687	75.58192234
707.2980889	72.64528046
707.09	70.133
706.9171072	68.20990279
706.7730321	66.86442915
706.6498506	66.04092405
706.5396385	65.68373244
706.4344715	65.73719927
706.3264256	66.14566951
706.2075765	66.8534881
706.07	67.805
705.90883	68.95085984
705.7314322	70.26696092
705.5482306	71.73550622
705.3696491	73.33869871
705.2061114	75.05874135
705.0680414	76.87783714
704.965863	78.77818903
704.91	80.742
704.9064792	82.73858558
704.943739	84.68571153
705.0058206	86.48825615
705.0767652	88.05109774
705.1406142	89.27911461
705.1814089	90.07718508
705.1831904	90.35018744
705.13	90.003
705.010429	88.98142673
704.8312681	87.3949742
704.6038582	85.39407466
704.33954	83.12916034
704.0496543	80.75066347
703.7455419	78.40901631
703.4385435	76.25465107
703.14	74.438
702.8610628	73.08380126
702.6121262	72.21401666
702.4033952	71.82491396
702.2450748	71.91276091
702.1473701	72.47382524
702.1204861	73.5043747
702.1746277	75.00067704
702.32	76.959
702.5574098	79.34062997
702.850071	81.9669279
703.1517994	84.62427339
703.4164108	87.09904603
703.5977207	89.17762541
703.6495451	90.64639114
703.5256996	91.29172281
703.18	90.9
702.5955285	89.34548355
701.8724335	86.85395924
701.1401298	83.73909404
700.5280322	80.31455498
700.1655556	76.89400904
700.1821148	73.79112323
700.7071246	71.31956455
701.87	69.793
703.7570386	69.39469362
706.28207	69.78629766
709.3158065	70.49906137
712.7289606	71.06423406
716.3922446	71.01306498
720.1763709	69.87680343
723.9520519	67.18669867
727.59	62.474
730.9764927	55.4492107
734.0600677	46.53985014
736.8048277	36.35269171
739.1748755	25.4945088
741.1343139	14.57207478
742.6472456	4.192163056
743.6777733	-5.038453001
744.19	-12.513
744.1679671	-17.78622783
743.6754718	-21.05897948
742.79625	-22.6936212
741.6140375	-23.05251925
740.2125703	-22.4980399
738.6755844	-21.3925494
737.0868157	-20.09841402
735.53	-18.978
734.0729474	-18.30997516
732.7197638	-18.03821349
731.4586295	-18.02289052
730.2777246	-18.12418179
729.165229	-18.20226284
728.109323	-18.1173092
727.0981866	-17.72949641
726.12	-16.899
725.1651067	-15.53736742
724.2325041	-13.76163375
723.323353	-11.74020597
722.4388143	-9.641491076
721.5800488	-7.633896043
720.7482174	-5.885827862
719.9444808	-4.565693519
719.17	-3.8419
718.425786	-3.827690893
717.7122511	-4.415656193
717.0296577	-5.443222497
716.3782683	-6.747816404
715.7583454	-8.16686451
715.1701513	-9.537793414
714.6139487	-10.69802971
714.09	-11.485
713.5979601	-11.77962682
713.1350539	-11.63681648
712.6978989	-11.15497122
712.2831125	-10.43249331
711.8873119	-9.567784978
711.5071148	-8.659248483
711.1391383	-7.805286074
710.78	-7.1043
710.4271978	-6.629963155
710.0817518	-6.357031019
709.7455629	-6.235529714
709.4205318	-6.215485364
709.1085592	-6.246924095
708.8115459	-6.279872028
708.5313925	-6.264355288
708.27	-6.1504
708.0277605	-5.903304347
707.7990324	-5.549454759
707.5766658	-5.130509725
707.3535103	-4.688127734
707.1224161	-4.263967277
706.8762331	-3.899686842
706.607811	-3.63694492
706.31	-3.5174
705.9785571	-3.570410276
705.6208684	-3.776132758
705.2472272	-4.10242416
704.8679268	-4.517141199
704.4932606	-4.988140587
704.1335219	-5.483279041
703.7990039	-5.970413273
703.5	-6.4174
703.2440854	-6.793696933
703.0279628	-7.075165773
702.845617	-7.239269219
702.6910324	-7.263469971
702.5581938	-7.125230726
702.4410858	-6.802014183
702.3336929	-6.271283041
702.23	-5.5105
702.1251208	-4.516399259
702.0186865	-3.362801026
701.9114573	-2.142797009
701.8041936	-0.949478919
701.6976557	0.124061536
701.5926039	0.984732647
701.4897986	1.539442705
701.39	1.6951
701.2937516	1.389009984
701.2007287	0.680066751
701.1103897	-0.342438447
701.0221932	-1.589214354
700.9355976	-2.970969716
700.8500612	-4.398413281
700.7650425	-5.782253794
700.68	-7.0332
700.5945604	-8.073255521
700.5090238	-8.869603476
700.4238587	-9.40072186
700.3395335	-9.645088666
700.2565165	-9.581181889
700.1752764	-9.187479523
700.0962814	-8.442459562
700.02	-7.3246
699.9466982	-5.839154306
699.8758323	-4.098477845
699.8066559	-2.241701456
699.7384229	-0.407955981
699.6703871	1.263627742
699.6018021	2.633918873
699.5319218	3.563786573
699.46	3.9141
699.3855412	3.59355165
699.3090533	2.702127355
699.2312949	1.387636279
699.1530248	-0.20211241
699.0750015	-1.919309549
698.9979839	-3.61614597
698.9227305	-5.144812509
698.85	-6.3575
698.7805511	-7.139714991
698.7151421	-7.510226888
698.6545316	-7.52112081
698.599478	-7.224481878
698.5507396	-6.672395211
698.5090748	-5.916945929
698.4752422	-5.010219152
698.45	-4.0043
698.433446	-2.950349304
698.4230344	-1.895830742
698.415559	-0.887283704
698.4078134	0.028752421
698.396591	0.805738244
698.3786856	1.397134374
698.3508907	1.756401423
698.31	1.837
698.2539854	1.611254004
698.1855326	1.126940481
698.1085056	0.450699766
698.0267686	-0.350827807
697.9441854	-1.211001905
697.8646202	-2.063182192
697.7919371	-2.840728335
697.73	-3.477
697.6821749	-3.917592102
697.6498351	-4.157040558
697.6338559	-4.202116532
697.6351124	-4.059591192
697.6544799	-3.736235703
697.6928335	-3.238821231
697.7510485	-2.574118941
697.83	-1.7489
697.9291704	-0.781137158
698.0424706	0.266390499
698.1624184	1.319702301
698.2815318	2.304817576
698.3923287	3.147755654
698.4873271	3.774535864
698.5590449	4.111177536
698.6	4.0837
698.6051863	3.647080186
698.5795012	2.872125435
698.5303181	1.858600689
698.4650103	0.706270889
698.3909513	-0.485099021
698.3155143	-1.615744101
698.2460728	-2.585899408
698.19	-3.2958
698.1532094	-3.669730365
698.1357746	-3.728172709
698.1363092	-3.51565867
698.1534268	-3.076719883
698.1857411	-2.455887986
698.2318656	-1.697694616
698.290414	-0.846671408
698.36	0.05265
698.4383823	0.955462269
698.5199004	1.815855245
698.5980389	2.587643072
698.6662825	3.224639893
698.7181157	3.680659853
698.7470233	3.909517095
698.7464899	3.865025763
698.71	3.501
698.6340231	2.795931388
698.5269676	1.827021262
698.4002267	0.696148395
698.2651934	-0.49480844
698.1332609	-1.64397047
698.0158224	-2.649458922
697.9242711	-3.409395023
697.87	-3.8219
697.8610721	-3.817012919
697.8922291	-3.452444199
697.9548825	-2.817822101
698.040444	-2.002774883
698.140325	-1.096930805
698.2459369	-0.189918126
698.3486914	0.628634896
698.44	1.2691
698.5131339	1.66262804
698.5688036	1.823486316
698.6095791	1.78672124
698.6380306	1.587379224
698.6567283	1.26050668
698.6682424	0.84115002
698.6751429	0.364355656
698.68	-0.13483
698.6852009	-0.623054613
698.6924004	-1.073742159
698.7030707	-1.462010691
698.7186835	-1.762978262
698.7407109	-1.951762925
698.7706249	-2.003482734
698.8098972	-1.893255741
698.86	-1.5962
698.9219611	-1.098802732
698.9950322	-0.433027836
699.078021	0.357791621
699.1697353	1.230322574
699.2689826	2.141231955
699.3745707	3.047186698
699.4853073	3.904853735
699.6	4.6709
699.7165642	5.304433531
699.8293458	5.774326786
699.9317984	6.051893326
700.0173754	6.108446715
700.0795306	5.915300515
700.1117174	5.443768287
700.1073893	4.665163595
700.06	3.5508
699.9663133	2.100263335
699.8363345	0.426228506
699.6833792	-1.33035731
699.5207629	-3.028546935
699.3618013	-4.527393193
699.2198099	-5.685948908
699.1081042	-6.363266902
699.04	-6.4184
699.0248231	-5.76076851
699.055941	-4.501262684
699.1227316	-2.80114026
699.2145728	-0.821658976
699.3208423	1.275923429
699.4309181	3.330349219
699.5341781	5.180360655
699.62	6.6647
699.6799021	7.656993712
699.7139639	8.170405042
699.7244053	8.252981436
699.713446	7.95277034
699.683306	7.317819202
699.6362051	6.396175468
699.5743632	5.235886585
699.5	3.885
699.4158224	2.398177644
699.3264846	0.85653939
699.2371278	-0.652180405
699.1528932	-2.040247384
699.0789219	-3.219927191
699.0203552	-4.103485467
698.9823341	-4.603187856
698.97	-4.6313
698.9864177	-4.13746972
699.0263478	-3.220873541
699.0824742	-2.018070168
699.1474813	-0.665618303
699.2140532	0.699923349
699.2748742	1.941996086
699.3226284	2.924041204
699.35	3.5095
699.3517683	3.601215687
699.3310932	3.259639149
699.2932293	2.584623186
699.2434316	1.676020597
699.186955	0.633684184
699.1290543	-0.442533253
699.0749843	-1.452778915
699.03	-2.2972
698.9984815	-2.89573717
698.9813108	-3.24750493
698.9784953	-3.371411247
698.9900421	-3.286364086
699.0159587	-3.011271414
699.0562523	-2.565041199
699.1109303	-1.966581405
699.18	-1.2348
699.2628407	-0.391529898
699.3563197	0.529696196
699.4566763	1.492420629
699.5601499	2.460185746
699.6629798	3.396533896
699.7614052	4.265007423
699.8516655	5.029148676
699.93	5.6525
699.9928706	6.102655003
700.0376291	6.363412332
700.0618502	6.422621895
700.0631083	6.2681336
700.0389778	5.887797356
699.9870332	5.269463069
699.9048492	4.400980648
699.79	3.2702
699.6427669	1.886203832
699.4742575	0.343006038
699.2982861	-1.244146686
699.1286671	-2.760007648
698.9792146	-4.089330154
698.8637431	-5.116867511
698.7960668	-5.727373024
698.79	-5.8056
698.8542455	-5.280538689
698.9770596	-4.25812711
699.1415873	-2.888540229
699.3309735	-1.321953008
699.528363	0.29145959
699.7169006	1.801522599
699.8797313	3.058061057
700	3.9109
700.0654271	4.248395259
700.0820353	4.11302584
700.0604232	3.585801546
700.011189	2.747732178
699.9449312	1.679827538
699.8722482	0.463097427
699.8037383	-0.821448352
699.75	-2.0928
699.719144	-3.277791174
699.7093304	-4.334629375
699.7162318	-5.229365566
699.7355206	-5.928050706
699.7628693	-6.396735758
699.7939505	-6.601471684
699.8244365	-6.508309444
699.85	-6.0833
699.8673329	-5.31163818
699.8772055	-4.255094276
699.8814075	-2.994582448
699.8817287	-1.611016854
699.8799588	-0.185311653
699.8778875	1.201618995
699.8773047	2.468860933
699.88	3.5355
699.8868173	4.334871823
699.8948163	4.857311168
699.9001108	5.107402584
699.8988147	5.089730623
699.8870418	4.808879833
699.8609058	4.269434766
699.8165206	3.475979971
699.75	2.4331
699.6597925	1.164257722
699.5536857	-0.231570709
699.4418016	-1.63653082
699.3342625	-2.932768137
699.2411906	-4.002428187
699.1727081	-4.727656496
699.1389372	-4.990598592
699.15	-4.6734
699.2120594	-3.707736502
699.315441	-2.223404896
699.4465109	-0.399732236
699.5916352	1.583954424
699.7371801	3.548328032
699.8695117	5.314061532
699.9749963	6.701827873
700.04	7.5323
700.0549775	7.677171682
700.0267378	7.212219979
699.9661784	6.264242771
699.8841968	4.960037939
699.7916907	3.426403365
699.6995575	1.79013693
699.6186947	0.178036514
699.56	-1.2831
699.5317415	-2.487411557
699.5316704	-3.412784396
699.5549084	-4.058041582
699.5965775	-4.422006182
699.6517993	-4.503501258
699.7156958	-4.301349877
699.7833888	-3.814375102
699.85	-3.0414
699.9115135	-1.996661003
699.967362	-0.756048021
700.0178403	0.589135668
700.0632433	1.947586787
700.1038659	3.228002057
700.140003	4.339078202
700.1719494	5.189511942
700.2	5.688
700.2234545	5.765631937
700.2376317	5.443068669
700.2368554	4.76336395
700.2154492	3.769571535
700.1677369	2.504745177
700.0880422	1.011938633
699.9706886	-0.665794344
699.81	-2.4854
699.6075202	-4.376574167
699.3936737	-6.160011029
699.2061053	-7.629154358
699.0824597	-8.577447925
699.0603816	-8.798335501
699.1775158	-8.085260858
699.4715071	-6.231667767
699.98	-3.031
700.7247656	1.616521762
701.6640798	7.383569198
702.7403445	13.83603708
703.895962	20.53982016
705.0733342	27.06081323
706.2148632	32.96491105
707.2629511	37.81800838
708.16	41.186
708.8597455	42.76242227
709.3612572	42.75137799
709.6749384	41.48461152
709.8111924	39.29386727
709.7804223	36.5108896
709.5930314	33.46742291
709.2594229	30.49521158
708.79	27.926
708.1990846	26.0183282
707.5166727	24.73791885
706.7766792	23.97729027
706.0130186	23.62896077
705.2596056	23.58544868
704.5503551	23.73927231
703.9191817	23.98294997
703.4	24.209
703.0180568	24.33160476
702.7639269	24.35160285
702.6195168	24.29149692
702.5667334	24.17378964
702.5874833	24.02098365
702.6636732	23.85558161
702.7772099	23.70008618
702.91	23.577
703.0447232	23.50770198
703.167151	23.50907601
703.2638277	23.59688219
703.3212978	23.78688067
703.3261056	24.09483156
703.2647957	24.536495
703.1239124	25.1276311
702.89	25.884
702.5632066	26.79585684
702.1980943	27.75143688
701.8628287	28.6134704
701.6255755	29.24468768
701.5545003	29.507819
701.7177689	29.26559464
702.1835469	28.38074488
703.02	26.716
704.2663567	24.19679165
705.846097	20.99935694
707.6537639	17.36263436
709.5839003	13.52556237
711.5310492	9.727079461
713.3897535	6.20612411
715.0545561	3.201634797
716.42	0.95255
717.4078316	-0.369669637
718.0486116	-0.863474811
718.400104	-0.694794056
718.5200732	-0.029555904
718.4662832	0.96631111
718.2964983	2.126878454
718.0684825	3.286217595
717.84	4.2784
717.6568482	4.96853836
717.5169568	5.345910268
717.4062887	5.430834541
717.3108068	5.243629998
717.2164741	4.804615454
717.1092535	4.134109728
716.9751078	3.252431638
716.8	2.1799
716.5736038	0.941411802
716.3004364	-0.419823293
715.9887257	-1.85601745
715.6466996	-3.319382836
715.282586	-4.762131618
714.9046129	-6.136475961
714.5210083	-7.394628033
714.14	-8.4888
713.7683458	-9.378902755
713.4069225	-10.0556421
713.0551367	-10.51742256
712.712395	-10.76264865
712.3781039	-10.78972492
712.0516699	-10.59705588
711.7324998	-10.18304607
711.42	-9.5461
711.1139113	-8.692660021
710.8153109	-7.661319724
710.5256102	-6.498710514
710.2462205	-5.251463798
709.9785533	-3.966210983
709.7240199	-2.689583474
709.4840317	-1.468212677
709.26	-0.34873
709.0521028	0.625325065
708.8555839	1.422780679
708.6644539	2.015556915
708.472723	2.375573846
708.2744018	2.474751547
708.0635006	2.28501009
707.8340298	1.77826955
707.58	0.92645
707.2980877	-0.273727233
706.9956346	-1.726335806
706.6826486	-3.310648123
706.3691375	-4.905936588
706.0651092	-6.391473604
705.7805716	-7.646531576
705.5255326	-8.550382906
705.31	-8.9823
705.1405073	-8.860515118
705.0096902	-8.259099956
704.9067097	-7.291086064
704.8207272	-6.069504996
704.7409037	-4.707388303
704.6564006	-3.317767538
704.556379	-2.013674253
704.43	-0.90814
704.2694729	-0.090114793
704.0791985	0.447777504
703.8666259	0.736994567
703.6392039	0.808994072
703.4043814	0.695233692
703.1696073	0.427171103
702.9423305	0.036263981
702.73	-0.44603
702.5383004	-0.990694009
702.3658594	-1.578474592
702.2095406	-2.192559139
702.0662074	-2.816135041
701.9327232	-3.432389687
701.8059516	-4.024510469
701.682756	-4.575684777
701.56	-5.0691
701.4355286	-5.48763419
701.3111137	-5.812928043
701.1895086	-6.026312914
701.0734667	-6.109120158
700.9657415	-6.042681134
700.8690864	-5.808327195
700.7862547	-5.387389698
700.72	-4.7612
700.6716945	-3.927792062
700.6371859	-2.952010268
700.6109408	-1.915401609
700.5874259	-0.899513075
700.5611077	0.014108343
700.526453	0.743915655
700.4779282	1.208361871
700.41	1.3259
700.3189826	1.042214546
700.2085804	0.411915989
700.0843455	-0.483153697
699.9518298	-1.56115254
699.8165854	-2.740238565
699.6841643	-3.9385698
699.5601185	-5.074304269
699.45	-6.0656
699.358215	-6.843174522
699.2845863	-7.387983377
699.2277907	-7.693541609
699.186505	-7.753364264
699.1594063	-7.560966386
699.1451713	-7.109863019
699.1424769	-6.393569209
699.15	-5.4056
699.165794	-4.15877095
699.1854181	-2.743099669
699.2038082	-1.267904279
699.2159	0.157497096
699.2166293	1.423786335
699.2009319	2.421645313
699.1637435	3.041755909
699.1	3.1748
699.0069098	2.751521213
698.8907724	1.862910178
698.76016	0.640019273
698.6236448	-0.786099121
698.489799	-2.284392625
698.3671948	-3.723808859
698.2644044	-4.973295444
698.19	-5.9018
698.1503364	-6.410489879
698.1428986	-6.529411354
698.1629542	-6.32083043
698.2057708	-5.847013113
698.2666161	-5.170225406
698.3407577	-4.352733315
698.4234631	-3.456802845
698.51	-2.5447
698.5958267	-1.673386425
698.6771646	-0.878606325
698.7504257	-0.190799544
698.8120219	0.359594072
698.8583655	0.74213468
698.8858683	0.926382433
698.8909425	0.881897488
698.87	0.57824
698.8210637	0.00200843
698.7485992	-0.792045535
698.658683	-1.732131901
698.5573914	-2.746460676
698.4508009	-3.763241867
698.3449879	-4.71068548
698.2460288	-5.517001522
698.16	-6.1104
698.0920084	-6.434929678
698.0432823	-6.497994349
698.0140807	-6.322836563
698.0046625	-5.932698868
698.0152864	-5.350823815
698.0462114	-4.600453952
698.0976963	-3.704831831
698.17	-2.6872
698.2619771	-1.579190263
698.3668653	-0.445991443
698.476498	0.638818386
698.5827087	1.601661148
698.6773308	2.368958766
698.7521978	2.867133164
698.799143	3.022606268
698.81	2.7618
698.7798489	2.045025497
698.7167565	0.968150745
698.6320366	-0.339067061
698.5370027	-1.746870723
698.4429685	-3.125503045
698.3612475	-4.34520683
698.3031535	-5.27622488
698.28	-5.7888
698.2997017	-5.79086368
698.3565774	-5.341102162
698.4415471	-4.535890377
698.5455305	-3.471603255
698.6594477	-2.244615726
698.7742184	-0.95130272
698.8807625	0.311960832
698.97	1.4488
699.0347623	2.37779094
699.0755275	3.077314153
699.0946853	3.540701225
699.0946252	3.761283742
699.077737	3.732393292
699.0464102	3.44736146
699.0030347	2.899519834
698.95	2.0822
698.8897451	1.004731364
698.8249062	-0.259565387
698.7581689	-1.621371748
698.6922187	-2.991369213
698.6297412	-4.280239277
698.5734219	-5.398663433
698.5259463	-6.257323176
698.49	-6.7669
698.4678589	-6.864368351
698.4601601	-6.591874481
698.4671312	-6.017857593
698.4889999	-5.21075689
698.5259935	-4.239011576
698.5783397	-3.171060854
698.646266	-2.075343928
698.73	-1.0203
698.8284484	-0.066164992
698.9352347	0.75963831
699.0426616	1.437890399
699.1430318	1.949371772
699.2286481	2.274862924
699.2918131	2.395144349
699.3248295	2.290996542
699.32	1.9432
699.2731132	1.349168161
699.1939012	0.572846241
699.0955817	-0.305187599
698.9913728	-1.204355199
698.8944923	-2.0440784
698.818158	-2.74377904
698.775588	-3.22287896
698.78	-3.4008
698.8399385	-3.223168395
698.9452544	-2.740427963
699.0811247	-2.029226918
699.2327269	-1.166213475
699.3852382	-0.228035847
699.523836	0.70865775
699.6336975	1.567219104
699.7	2.271
699.7121326	2.757644324
699.6763314	3.021964359
699.6030444	3.073064489
699.5027195	2.920049099
699.3858047	2.572022571
699.2627479	2.03808929
699.143997	1.327353638
699.04	0.44892
698.9592264	-0.575350306
698.9022325	-1.672568223
698.867596	-2.757087758
698.8538949	-3.743262921
698.8597069	-4.545447718
698.8836098	-5.077996158
