SPEED	TORQUE
700.6871723	4.845589225
700.9163799	7.233576441
701.03229	8.911004103
700.9828791	9.545419234
700.7161236	8.804368858
700.18	6.3554
699.3606469	2.081090296
698.396852	-3.275860171
697.4655652	-8.757720703
696.7437365	-13.40676061
696.4083157	-16.26524918
696.6362527	-16.37545574
697.6044975	-12.77964958
699.49	-4.5201
702.4071333	8.996590203
706.2199638	26.90648432
710.7299808	47.98131214
715.7386741	70.99280348
721.0475331	94.71268814
726.4580474	117.9126959
731.7717065	139.3645566
736.79	157.84
741.3604097	172.4224549
745.5143867	183.4421463
749.3293747	191.5409981
752.882817	197.3609342
756.2521572	201.5438785
759.5148388	204.7317549
762.7483052	207.5664875
766.03	210.69
769.4140405	214.6064722
772.8612393	219.2691069
776.309083	224.4933624
779.6950579	230.0946973
782.9566506	235.8885701
786.0313475	241.6904391
788.8566352	247.3157629
791.37	252.58
793.5373151	257.3246248
795.4379997	261.4951761
797.1798598	265.0632084
798.8707014	268.0002765
800.6183302	270.2779351
802.5305524	271.8677387
804.7151736	272.7412421
807.28	272.87
810.3049024	272.2597159
813.7580119	271.0526887
817.5795246	269.4253663
821.7096366	267.5541965
826.0885441	265.6156272
830.656443	263.7861061
835.3535296	262.2420811
840.12	261.16
844.9065715	260.6699687
849.7060465	260.7167253
854.5217489	261.1986661
859.3570022	262.0141873
864.2151303	263.0616851
869.0994568	264.2395556
874.0133054	265.4461952
878.96	266.58
883.9445148	267.5550187
888.978427	268.34791
894.0749644	268.9509848
899.2473546	269.3565543
904.5088255	269.5569295
909.8726049	269.5444214
915.3519204	269.3113413
920.96	268.85
926.6982208	268.1841361
932.5205579	267.4631973
938.3691359	266.8680587
944.1860794	266.5795956
949.913513	266.778683
955.4935612	267.6461961
960.8683487	269.3630101
965.98	272.11
970.8222896	275.9658979
975.5955915	280.6008635
980.5519296	285.5829131
985.9433278	290.4800634
992.02181	294.8603307
999.0394002	298.2917316
1007.248122	300.3422825
1016.9	300.58
1028.170668	298.7286394
1040.930201	295.1349113
1054.972286	290.3012653
1070.090609	284.7301509
1086.078856	278.9240176
1102.730713	273.385315
1119.839865	268.6164927
1137.2	265.12
1154.622461	263.2546228
1171.989229	262.8044914
1189.19994	263.4100727
1206.154234	264.7118331
1222.751749	266.3502394
1238.892123	267.9657582
1254.474994	269.1988562
1269.4	269.69
1283.568784	269.2001157
1296.89101	267.9719667
1309.278343	266.3687761
1320.642453	264.7537667
1330.895006	263.4901614
1339.94767	262.9411833
1347.712112	263.4700552
1354.1	265.44
1359.085018	269.0716724
1362.88892	274.0154543
1365.795475	279.779159
1368.088453	285.8706002
1370.051625	291.7975914
1371.96876	297.067946
1374.123628	301.1894777
1376.8	303.67
1380.179228	304.1908899
1384.032997	303.1277787
1388.030576	301.0298613
1391.841233	298.4463325
1395.134236	295.9263872
1397.578852	294.0192201
1398.844351	293.2740261
1398.6	294.24
1396.614085	297.2999437
1393.050965	302.171087
1388.174016	308.4042667
1382.246614	315.5503197
1375.532135	323.1600827
1368.293955	330.7843925
1360.795452	337.974086
1353.3	344.28
1346.017946	349.3669719
1338.947517	353.3558419
1332.033907	356.4814506
1325.222312	358.9786387
1318.457928	361.082247
1311.685951	363.0271162
1304.851577	365.0480869
1297.9	367.38
1290.787566	370.1866607
1283.515217	373.3477329
1276.095044	376.671845
1268.539138	379.9676254
1260.859589	383.0437027
1253.068489	385.7087053
1245.177929	387.7712615
1237.2	389.04
1229.09507	389.2716977
1220.616614	388.0157266
1211.466385	384.7696071
1201.346137	379.0308596
1189.957622	370.2970046
1177.002592	358.0655627
1162.1828	341.8340544
1145.2	321.1
1125.955925	295.6259272
1105.152234	266.234392
1083.690567	234.0129573
1062.472564	200.0491863
1042.399866	165.430642
1024.374113	131.2448875
1009.296944	98.57948581
998.07	68.522
991.3623832	41.97363639
988.9130447	19.09017432
990.2283976	-0.158963603
994.8148554	-15.80435478
1002.178831	-27.87657661
1011.826738	-36.40620649
1023.26499	-41.42382182
1036	-42.96
1049.584992	-41.1046212
1063.760431	-36.18477674
1078.313596	-28.5868607
1093.031764	-18.69726718
1107.702211	-6.902390253
1122.112215	6.411375976
1136.049052	20.85763742
1149.3	36.05
1161.658803	51.63189139
1172.945074	67.36602639
1182.984893	83.04494156
1191.604339	98.46117349
1198.629493	113.4072587
1203.886434	127.6757338
1207.201243	141.0591354
1208.4	153.35
1207.354406	164.3065283
1204.118648	173.5495774
1198.792537	180.6656687
1191.475881	185.2413232
1182.26849	186.8630624
1171.270173	185.1174074
1158.58074	179.5908795
1144.3	169.87
1128.613614	155.8177806
1112.050646	138.4031951
1095.226016	118.871708
1078.754638	98.46878358
1063.251431	78.4398862
1049.331311	60.03048023
1037.609195	44.48603004
1028.7	33.052
1023.037039	26.6689646
1020.327204	25.05793891
1020.095784	27.63504813
1021.868067	33.81641746
1025.169342	43.01817211
1029.524897	54.65643728
1034.46002	68.14733818
1039.5	82.907
1044.244677	98.38753484
1048.592101	114.1850024
1052.514873	129.9314491
1055.985594	145.2589216
1058.976866	159.7994664
1061.46129	173.18513
1063.411467	185.047959
1064.8	195.02
1065.593627	202.7707535
1065.735642	208.119536
1065.163475	210.9231184
1063.814557	211.0382712
1061.62632	208.3217651
1058.536194	202.6303708
1054.48161	193.8208589
1049.4	181.75
1043.304056	166.4468654
1036.507519	148.6297285
1029.399392	129.1891632
1022.368677	109.0157435
1015.804378	89.00004343
1010.095497	70.03263683
1005.631036	53.0040977
1002.8	38.805
1001.850696	28.07799507
1002.468658	20.47404373
1004.198725	15.39618417
1006.585735	12.24745459
1009.174529	10.43089319
1011.509945	9.349538158
1013.136822	8.406427697
1013.6	7.0046
1012.578296	4.677291034
1010.286443	1.478527848
1007.073151	-2.407464738
1003.287132	-6.796461906
999.2770967	-11.50423884
995.3917555	-16.34657071
991.9798196	-21.1392327
989.39	-25.698
987.8697714	-29.86951897
987.2616637	-33.62392075
987.3069706	-36.96220764
987.7469856	-39.88538197
988.3230024	-42.39444605
988.7763146	-44.4904022
988.8482159	-46.17425275
988.28	-47.447
986.8546298	-48.30551046
984.5217458	-48.73010737
981.2726577	-48.69697815
977.0986754	-48.18231023
971.9911087	-47.16229103
965.9412674	-45.61310797
958.9404612	-43.51094849
950.98	-40.832
942.0691313	-37.5912556
932.2888532	-33.95893103
921.7381017	-30.14404774
910.5158127	-26.35562712
898.7209222	-22.80269062
886.4523659	-19.69425965
873.8090799	-17.23935564
860.89	-15.647
847.8478882	-15.06608434
835.0508102	-15.404981
822.9206581	-16.51193247
811.8793236	-18.23518128
802.3486987	-20.42296992
794.7506752	-22.92354092
789.507145	-25.58513677
787.04	-28.256
787.63332	-30.81090898
791.0199372	-33.2307856
796.7948714	-35.52308761
804.5531427	-37.69527276
813.8897712	-39.75479883
824.3997769	-41.70912355
835.6781798	-43.56570469
847.32	-45.332
858.9791247	-47.01238716
870.5449099	-48.59892349
881.9655791	-50.08058624
893.1893555	-51.44635266
904.1644625	-52.6852
914.8391233	-53.78610551
925.1615614	-54.73804643
935.08	-55.53
944.5575641	-56.15180998
953.6169857	-56.59678608
962.2958982	-56.85910454
970.6319353	-56.93294158
978.6627304	-56.81247342
986.4259172	-56.49187629
993.9591292	-55.96532641
1001.3	-55.227
1008.492181	-54.29805653
1015.603397	-53.30758843
1022.707391	-52.41167137
1029.877903	-51.76638101
1037.188678	-51.52779303
1044.713458	-51.85198309
1052.525984	-52.89502685
1060.7	-54.813
1069.240976	-57.66992678
1077.8813	-61.16162581
1086.285086	-64.89186427
1094.116451	-68.46440937
1101.039509	-71.48302829
1106.718376	-73.55148824
1110.817168	-74.27355641
1113	-73.253
1113.03903	-70.23453712
1111.13859	-65.52668959
1107.611053	-59.57893014
1102.768793	-52.84073151
1096.924184	-45.76156645
1090.389599	-38.79090769
1083.477413	-32.37822796
1076.5	-26.973
1069.704269	-22.9507724
1063.075277	-20.3913971
1056.532615	-19.30080189
1049.995877	-19.68491457
1043.384654	-21.54966293
1036.618539	-24.90097476
1029.617123	-29.74477785
1022.3	-36.087
1014.667428	-43.73684204
1007.042333	-51.71659702
999.8283093	-58.85183104
993.4289486	-63.96811019
988.2478444	-65.89100057
984.6885895	-63.44606826
983.1547771	-55.45887938
984.05	-40.755
987.6020931	-18.65161529
993.3358581	9.567613322
1000.600339	42.12740536
1008.744578	77.25248035
1017.117621	113.1675578
1025.068509	148.0973572
1031.946288	180.2665981
1037.1	207.9
1040.049493	229.6552446
1040.997828	245.9218625
1040.318871	257.5223463
1038.386488	265.2791888
1035.574543	270.0148827
1032.256904	272.5519207
1028.807434	273.7127956
1025.6	274.32
1022.939097	275.0515645
1020.851737	276.0076711
1019.295564	277.1440395
1018.228221	278.4163894
1017.60735	279.7804407
1017.390594	281.191913
1017.535597	282.6065262
1018	283.98
1018.749004	285.2882629
1019.778037	286.5880781
1021.090084	287.9564177
1022.688129	289.4702535
1024.575159	291.2065577
1026.754157	293.2423022
1029.228109	295.654459
1032	298.52
1035.08559	301.8579035
1038.55174	305.4551728
1042.478085	309.0408172
1046.944262	312.3438464
1052.029906	315.0932698
1057.814653	317.0180969
1064.378139	317.8473371
1071.8	317.31
1080.122503	315.2406504
1089.238441	311.8960746
1099.003239	307.6386141
1109.272322	302.8306107
1119.901115	297.834406
1130.745042	293.0123415
1141.659529	288.726759
1152.5	285.34
1163.144907	283.1281277
1173.564809	282.0220915
1183.753294	281.8665622
1193.703949	282.5062106
1203.41036	283.7857078
1212.866114	285.5497245
1222.064799	287.6429316
1231	289.91
1239.67287	292.2173075
1248.114822	294.5180595
1256.364833	296.7871685
1264.461881	298.9995467
1272.444944	301.1301066
1280.353	303.1537606
1288.225026	305.0454209
1296.1	306.78
1304.010487	308.3422517
1311.963402	309.7562954
1319.959248	311.056092
1327.998525	312.2756025
1336.081737	313.4487876
1344.209385	314.6096083
1352.381972	315.7920255
1360.6	317.03
1368.864673	318.3427678
1377.180006	319.6906652
1385.550715	321.0193033
1393.981518	322.2742934
1402.477131	323.4012469
1411.042271	324.345775
1419.681655	325.0534889
1428.4	325.47
1437.201328	325.5647629
1446.086887	325.4026065
1455.057228	325.0722027
1464.112903	324.6622238
1473.254466	324.2613419
1482.482468	323.9582292
1491.797462	323.8415579
1501.2	324
1510.679037	324.5037077
1520.177134	325.3487528
1529.625257	326.5126868
1538.95437	327.9730615
1548.095436	329.7074284
1556.97942	331.6933394
1565.537287	333.9083461
1573.7	336.33
1581.421587	338.938082
1588.748326	341.7212888
1595.749556	344.6705463
1602.494619	347.7767804
1609.052854	351.030917
1615.493602	354.4238818
1621.886204	357.9466009
1628.3	361.59
1634.788521	365.3368746
1641.342063	369.1374984
1647.935112	372.9340147
1654.542156	376.6685669
1661.13768	380.2832982
1667.69617	383.720352
1674.192115	386.9218714
1680.6	389.83
1686.888391	392.4206697
1693.002172	394.8049676
1698.880307	397.1277698
1704.461759	399.533952
1709.68549	402.1683902
1714.490466	405.1759604
1718.815648	408.7015383
1722.6	412.89
1725.813774	417.8331029
1728.552372	423.4101311
1730.942487	429.4472499
1733.110809	435.7706251
1735.184031	442.2064222
1737.288842	448.5808066
1739.551935	454.7199441
1742.1	460.45
1745.006904	465.6435592
1748.135213	470.3588831
1751.294666	474.7006523
1754.295003	478.7735475
1756.945965	482.6822492
1759.057292	486.5314381
1760.438724	490.4257949
1760.9	494.47
1760.305484	498.7464688
1758.738026	503.2485553
1756.335099	507.9473478
1753.234177	512.8139349
1749.572733	517.8194052
1745.48824	522.9348471
1741.118171	528.1313492
1736.6	533.38
1732.059442	538.6543545
1727.575185	543.9378333
1723.214157	549.2163237
1719.043289	554.4757129
1715.12951	559.7018879
1711.539749	564.880736
1708.340936	569.9981443
1705.6	575.04
1703.372763	579.9818359
1701.67061	584.7577677
1700.493818	589.2915565
1699.842667	593.5069636
1699.717431	597.3277502
1700.11839	600.6776777
1701.045821	603.4805072
1702.5	605.66
1704.465718	607.1477158
1706.865814	607.9064085
1709.607639	607.90663
1712.598545	607.1189328
1715.745882	605.513869
1718.957003	603.0619907
1722.139259	599.7338504
1725.2	595.5
1728.043076	590.3315194
1730.558322	584.2015985
1732.63207	577.0839547
1734.150654	568.9523052
1735.000407	559.7803677
1735.06766	549.5418593
1734.238747	538.2104976
1732.4	525.76
1729.485612	512.1825345
1725.621212	497.5440725
1720.980291	481.9290357
1715.736338	465.4218463
1710.062842	448.106926
1704.133295	430.0686969
1698.121184	411.3915809
1692.2	392.16
1686.529712	372.5204518
1681.216205	352.8677366
1676.351844	333.6587305
1672.028994	315.3503097
1668.34002	298.3993502
1665.377287	283.262728
1663.233158	270.3973193
1662	260.26
1661.747689	253.1597014
1662.456156	248.813575
1664.08284	246.7908272
1666.585185	246.6606648
1669.920631	247.9922943
1674.046622	250.3549223
1678.920597	253.3177553
1684.5	256.45
1690.728944	259.4076762
1697.498235	262.1940574
1704.68535	264.89923
1712.167766	267.6132809
1719.822962	270.4262967
1727.528414	273.428364
1735.161601	276.7095696
1742.6	280.36
1749.747471	284.4255116
1756.613404	288.7750394
1763.233573	293.2332878
1769.64375	297.6249615
1775.879708	301.774765
1781.977221	305.5074028
1787.97206	308.6475797
1793.9	311.02
1799.796211	312.5053554
1805.693461	313.2082852
1811.623914	313.2894157
1817.619734	312.9093732
1823.713088	312.2287841
1829.936141	311.4082746
1836.321056	310.6084712
1842.9	309.99
1849.688777	309.6733208
1856.637752	309.6182262
1863.680929	309.7443425
1870.752313	309.9712958
1877.785907	310.218712
1884.715717	310.4062174
1891.475747	310.453438
1898	310.28
1904.227195	309.8282366
1910.114905	309.1313099
1915.625416	308.2450892
1920.721014	307.2254438
1925.363985	306.1282429
1929.516616	305.0093557
1933.141192	303.9246517
1936.2	302.93
1938.675488	302.0614867
1940.630751	301.2760653
1942.149046	300.5109061
1943.313631	299.7031791
1944.207761	298.7900548
1944.914695	297.7087034
1945.517689	296.396295
1946.1	294.79
1946.735696	292.845875
1947.46209	290.5955225
1948.307304	288.0894311
1949.299463	285.3780897
1950.466688	282.5119871
1951.837104	279.5416121
1953.438834	276.5174535
1955.3	273.49
1957.437781	270.4984116
1959.825576	267.5365323
1962.425837	264.5868774
1965.201018	261.631962
1968.113571	258.6543014
1971.125951	255.6364108
1974.200609	252.5608052
1977.3	249.41
1980.399311	246.1846388
1983.524668	242.9578796
1986.714932	239.8210085
1990.008965	236.8653121
1993.445628	234.1820767
1997.06378	231.8625886
2000.902284	229.9981343
2005	228.68
2009.393101	227.9706893
2014.107002	227.8175745
2019.164433	228.1392448
2024.588121	228.8542895
2030.400793	229.8812981
2036.625179	231.1388598
2043.284005	232.545564
2050.4	234.02
2057.984537	235.4844202
2066.003573	236.8757287
2074.411711	238.1344929
2083.163552	239.2012799
2092.213699	240.0166568
2101.516754	240.521191
2111.027321	240.6554497
2120.7	240.36
2130.466407	239.6129581
2140.166205	238.5426356
2149.616068	237.314893
2158.632673	236.0955911
2167.032693	235.0505902
2174.632804	234.3457511
2181.249681	234.1469341
2186.7	234.62
2190.857452	235.8913062
2193.823795	237.9291978
2195.757805	240.662517
2196.818258	244.0201059
2197.163929	247.9308065
2196.953592	252.323461
2196.346024	257.1269115
2195.5	262.27
2194.546169	267.6224423
2193.502678	272.8174483
2192.359546	277.4291015
2191.106795	281.0314855
2189.734444	283.1986838
2188.232514	283.50478
2186.591026	281.5238575
2184.8	276.83
2182.813341	269.1063075
2180.440495	258.4719466
2177.454792	245.1551005
2173.629563	229.3839522
2168.738139	211.3866848
2162.55385	191.3914816
2154.850027	169.6265256
2145.4	146.32
2134.09578	121.7727495
2121.304094	96.57626516
2107.510349	71.39469973
2093.199954	46.89220586
2078.858314	23.73293627
2064.970836	2.581043634
2052.02293	-15.89931935
2040.5	-31.044
2030.790454	-42.40796757
2022.894692	-50.42267917
2016.716115	-55.73871383
2012.158123	-59.00665062
2009.124115	-60.87706858
2007.517492	-62.00054676
2007.241654	-63.02766422
2008.2	-64.609
2010.274436	-67.23474638
2013.260887	-70.7535485
2016.933784	-74.85366471
2021.067555	-79.2233534
2025.436633	-83.5508729
2029.815446	-87.5244816
2033.978425	-90.83243784
2037.7	-93.163
2040.805551	-94.29291215
2043.324258	-94.35286122
2045.33625	-93.56201989
2046.921656	-92.1395608
2048.160604	-90.30465661
2049.133225	-88.27647997
2049.919647	-86.27420355
2050.6	-84.517
2051.236366	-83.17674566
2051.818641	-82.2361316
2052.318677	-81.6305526
2052.708322	-81.29540341
2052.959426	-81.16607879
2053.043841	-81.17797351
2052.933416	-81.26648232
2052.6	-81.367
2052.023009	-81.42100366
2051.212114	-81.39429986
2050.184552	-81.25877752
2048.957558	-80.98632556
2047.54837	-80.54883291
2045.974223	-79.91818849
2044.252355	-79.06628121
2042.4	-77.965
2040.447185	-76.61053464
2038.475091	-75.09627835
2036.577688	-73.53992522
2034.848946	-72.05916934
2033.382836	-70.77170479
2032.273328	-69.79522566
2031.614393	-69.24742603
2031.5	-69.246
2031.995478	-69.86039295
2033.051586	-70.9670555
2034.59044	-72.39418957
2036.534158	-73.96999709
2038.804856	-75.52267996
2041.324651	-76.88044013
2044.01566	-77.8714795
2046.8	-78.324
2049.605473	-78.140542
2052.382629	-77.52099965
2055.0877	-76.73960556
2057.676922	-76.07059232
2060.106529	-75.78819255
2062.332754	-76.16663883
2064.311833	-77.48016378
2066	-80.003
2067.385753	-83.82502695
2068.586649	-88.29871152
2069.752509	-92.5921675
2071.033154	-95.87350863
2072.578404	-97.31084868
2074.538082	-96.07230142
2077.062006	-91.3259806
2080.3	-82.24
2084.366553	-68.26415686
2089.234837	-49.97498238
2094.842693	-28.23069125
2101.127963	-3.889498167
2108.028487	22.19038219
2115.482107	49.15073513
2123.426664	76.13334596
2131.8	102.28
2140.520886	126.8671056
2149.431815	149.7095629
2158.356211	170.7568954
2167.117496	189.9586263
2175.539094	207.2642789
2183.444429	222.6233765
2190.656923	235.9854425
2197	247.3
2202.352833	256.5635276
2206.81759	263.9603245
2210.552191	269.7216448
2213.714554	274.078743
2216.462598	277.2628733
2218.954241	279.50529
2221.347402	281.0372475
2223.8	282.09
2226.436338	282.8690965
2229.246262	283.4772643
2232.186002	283.9915254
2235.211788	284.4889018
2238.27985	285.0464154
2241.34642	285.7410884
2244.367726	286.6499426
2247.3	287.85
2250.088923	289.409774
2252.637986	291.3637435
2254.840129	293.7378788
2256.588294	296.55815
2257.775422	299.8505275
2258.294455	303.6409814
2258.038334	307.9554822
2256.9	312.82
2254.813827	318.2328035
2251.879919	324.0813554
2248.23981	330.2254167
2244.035036	336.5247483
2239.407132	342.8391114
2234.497635	349.0282671
2229.448079	354.9519762
2224.4	360.47
2219.460651	365.4507696
2214.600152	369.7973973
2209.754343	373.4216655
2204.859063	376.2353567
2199.85015	378.1502533
2194.663443	379.0781378
2189.23478	378.9307925
2183.5	377.62
2177.416032	375.1142937
2171.02416	371.6092115
2164.386762	367.3570422
2157.566212	362.6100747
2150.624885	357.6205979
2143.625157	352.6409006
2136.629404	347.9232717
2129.7	343.72
2122.896903	340.2213718
2116.270394	337.3696628
2109.868335	335.0451459
2103.73859	333.1280943
2097.929021	331.4987808
2092.487492	330.0374786
2087.461864	328.6244607
2082.9	327.14
2078.84499	325.4804729
2075.320828	323.6066685
2072.346733	321.4954794
2069.941928	319.1237981
2068.125631	316.468517
2066.917064	313.5065286
2066.335447	310.2147255
2066.4	306.57
2067.105169	302.5739242
2068.346296	298.3267881
2069.99395	293.9535613
2071.918699	289.5792133
2073.991111	285.3287136
2076.081753	281.3270318
2078.061193	277.6991374
2079.8	274.57
2081.231991	272.0423459
2082.543987	270.129929
2083.986058	268.8242597
2085.808275	268.1168488
2088.260707	267.9992068
2091.593425	268.4628442
2096.056499	269.4992718
2101.9	271.1
2109.308858	273.2782936
2118.207441	276.1344334
2128.45498	279.7904544
2139.910701	284.3683915
2152.433835	289.9902797
2165.883611	296.7781539
2180.119256	304.854049
2195	314.34
2210.386874	325.2618234
2226.148122	337.2604623
2242.153789	349.8806413
2258.27392	362.667085
2274.378561	375.1645181
2290.337757	386.9176652
2306.021555	397.471251
2321.3	406.37
2335.966105	413.12869
2349.504757	417.142311
2361.323811	417.7759061
2370.83112	414.3945183
2377.434539	406.3631908
2380.541922	393.0469665
2379.561124	373.8108885
2373.9	348.02
2363.209837	315.4513676
2348.115661	277.5301529
2329.48593	236.0935409
2308.189102	192.9787166
2285.093636	150.0228653
2261.067992	109.063172
2236.980627	71.9368219
2213.7	40.481
2191.972085	16.03244485
2172.052911	-2.073891379
2154.076026	-15.00350314
2138.174973	-23.92188485
2124.483299	-29.99453096
2113.134548	-34.3869359
2104.262267	-38.2645941
2098	-42.793
2094.38034	-48.86140488
2093.032068	-56.25408738
2093.483014	-64.479083
2095.261005	-73.04442723
2097.893871	-81.45815555
2100.909439	-89.22830346
2103.83554	-95.86290645
2106.2	-100.87
2107.635071	-103.8938429
2108.19069	-105.1235872
2108.021215	-104.8846082
2107.281006	-103.5022812
2106.124421	-101.3019816
2104.705819	-98.60908464
2103.179559	-95.74896567
2101.7	-93.047
2100.399103	-90.76602814
2099.319235	-88.91875125
2098.480368	-87.45533569
2097.902472	-86.32594781
2097.605516	-85.48075395
2097.609472	-84.86992046
2097.93431	-84.4436137
2098.6	-84.152
2099.614027	-83.95532188
2100.933933	-83.85412653
2102.504774	-83.8590373
2104.271608	-83.98067752
2106.179491	-84.22967055
2108.17348	-84.61663975
2110.19863	-85.15220845
2112.2	-85.847
2114.124673	-86.69992065
2115.927847	-87.66300824
2117.566746	-88.67658348
2118.998596	-89.68096711
2120.180621	-90.61647985
2121.070047	-91.42344243
2121.624098	-92.04217557
2121.8	-92.413
2121.571655	-92.4939955
2120.979679	-92.314278
2120.081366	-91.92072252
2118.934008	-91.36020404
2117.594899	-90.67959755
2116.121332	-89.92577805
2114.570602	-89.14562054
2113	-88.386
2111.447495	-87.68451338
2109.873748	-87.04164537
2108.220095	-86.44860261
2106.427873	-85.89659174
2104.438416	-85.37681941
2102.193061	-84.88049225
2099.633144	-84.3988169
2096.7	-83.923
2093.33817	-83.44162678
2089.505016	-82.93279678
2085.161104	-82.37198814
2080.267001	-81.734679
2074.783272	-80.99634748
2068.670485	-80.13247172
2061.889205	-79.11852985
2054.4	-77.93
2046.188496	-76.5502842
2037.340562	-74.99448001
2027.967128	-73.28560888
2018.179124	-71.44669226
2008.08748	-69.50075162
1997.803124	-67.47080839
1987.436988	-65.37988403
1977.1	-63.251
1966.889487	-61.13051768
1956.848361	-59.15815819
1947.00593	-57.49698259
1937.391502	-56.31005194
1928.034387	-55.7604273
1918.963893	-56.01116973
1910.209328	-57.22534027
1901.8	-59.566
1893.784806	-63.04263337
1886.290995	-67.05041849
1879.465403	-70.83095685
1873.454866	-73.62584996
1868.406221	-74.67669933
1864.466304	-73.22510646
1861.781951	-68.51267284
1860.5	-59.781
1860.69453	-46.56526719
1862.148596	-29.57496473
1864.572498	-9.813160708
1867.676534	11.7170768
1871.171003	34.0126797
1800	56.07057993
1700	76.88770939
1600	95.461
1550	111.0279092
1500	123.7879962
1450	134.1813458
1400	142.6480428
1350	149.6281719
1250	155.561818
1200	160.8890658
1150	166.05
1050	171.4135134
1000	177.0637301
950	183.0135823
900	189.2760021
850	195.8639217
800	202.7902731
750	210.0679885
700	217.71
650	225.6475159
600	233.4848491
