SPEED	TORQUE
802.17	-38.155
803.9518429	-41.6099983
805.6386294	-44.96434201
807.1353029	-48.11737651
808.346807	-50.96844721
809.1780853	-53.41689951
809.5340811	-55.36207881
809.3197382	-56.70333051
808.44	-57.34
806.8206673	-57.18725526
804.4709698	-56.22355453
801.4209947	-54.44317863
797.7008289	-51.84040837
793.3405595	-48.40952456
788.3702735	-44.14480802
782.820058	-39.04053956
776.72	-33.091
770.1422653	-26.36972343
763.327335	-19.26725705
756.5577691	-12.25340135
750.1161273	-5.797956811
744.2849696	-0.370723923
739.3468559	3.558496831
735.5843461	5.519904967
733.28	5.0437
732.6036113	1.850450723
733.2739088	-3.577796967
734.8968548	-10.5686279
737.0784119	-18.44962689
739.4245425	-26.54837877
741.5412091	-34.19246836
743.0343741	-40.7094805
743.51	-45.427
742.6816292	-47.85948552
740.6931235	-48.26889102
737.7959248	-47.1040443
734.241475	-44.81377314
730.2812158	-41.84690534
726.166589	-38.65226869
722.1490365	-35.67869098
718.48	-33.375
715.3500478	-32.08474868
712.7062534	-31.73039051
710.4348169	-32.12910409
708.4219381	-33.09806805
706.5538171	-34.45446101
704.7166537	-36.01546157
702.796648	-37.59824836
700.68	-39.02
698.2844297	-40.1213967
695.6537378	-40.83712507
692.8632452	-41.12537331
689.9882726	-40.94432965
687.104141	-40.25218227
684.2861712	-39.0071194
681.6096839	-37.16732924
679.15	-34.691
676.9686397	-31.56729441
675.0719203	-27.90927329
673.4523586	-23.86097199
672.1024713	-19.56642586
671.0147751	-15.16967025
670.1817867	-10.8147405
669.5960227	-6.64567197
669.25	-2.8065
669.1322225	0.581489361
669.2151433	3.488007272
669.467203	5.905514192
669.856842	7.82647058
670.3525008	9.243336895
670.9226197	10.1485736
671.5356393	10.53464115
672.16	10.394
672.7707711	9.74804907
673.3695375	8.733941072
673.9645128	7.517767173
674.5639105	6.26561854
675.1759445	5.143586339
675.8088283	4.317761737
676.4707756	3.954235902
677.17	4.2191
677.9105718	5.214101467
678.6799878	6.783612813
679.4616014	8.707662818
680.2387658	10.76628026
680.9948345	12.73949392
681.7131609	14.40733258
682.3770982	15.54982501
682.97	15.947
683.4804962	15.45326108
683.9183236	14.2205108
684.2984958	12.47502648
684.6360262	10.44308542
684.9459284	8.350964928
685.2432157	6.424942323
685.5429017	4.891294911
685.86	3.9763
686.2056465	3.835914377
686.5754676	4.344812736
686.9612123	5.307349245
687.3546293	6.527878076
687.7474677	7.810753397
688.1314763	8.960329378
688.4984041	9.780960189
688.84	10.077
689.1497693	9.709064616
689.4282434	8.762816381
689.6777099	7.380179276
689.9004566	5.703077281
690.0987712	3.873434376
690.2749415	2.033174541
690.4312552	0.324221755
690.57	-1.1115
690.6939285	-2.163299989
690.8076527	-2.845420448
690.9162491	-3.203336859
691.0247945	-3.282524701
691.1383656	-3.128459456
691.262039	-2.786616604
691.4008916	-2.302471625
691.56	-1.7215
691.7424657	-1.087949035
691.9434897	-0.441153338
692.1562977	0.180780659
692.3741155	0.739746524
692.5901689	1.197637823
692.7976836	1.516348124
692.9898854	1.657770994
693.16	1.5838
693.3031226	1.276048278
693.421826	0.795007237
693.5205522	0.220887854
693.6037434	-0.366098894
693.6758416	-0.885742031
693.7412891	-1.257830579
693.8045278	-1.402153561
693.87	-1.2385
693.9419188	-0.716206578
694.0235813	0.097199389
694.118056	1.104642924
694.228411	2.209049054
694.3577146	3.313342801
694.5090352	4.320449192
694.6854409	5.13329325
694.89	5.6548
695.1231672	5.812907369
695.3749424	5.635604895
695.6327121	5.175895019
695.8838626	4.486780179
696.1157803	3.621262817
696.3158515	2.632345373
696.4714626	1.573030288
696.57	0.49632
696.6037719	-0.545652391
696.5847739	-1.504231158
696.5299236	-2.331629913
696.4561385	-2.980062271
696.3803361	-3.401741844
696.3194338	-3.548882248
696.2903493	-3.373697095
696.31	-2.8284
696.3901242	-1.893311945
696.5217431	-0.66118339
696.6906988	0.747127836
696.8828333	2.210763903
697.0839887	3.608866982
697.2800069	4.820579244
697.45673	5.72504286
697.6	6.2014
697.6992666	6.163029194
697.7584099	5.660254404
697.7849178	4.777635952
697.7862782	3.599734158
697.7699787	2.211109345
697.7435073	0.696321834
697.7143518	-0.860068055
697.69	-2.3735
697.6768329	-3.764872018
697.6768047	-4.976915476
697.6907626	-5.95782008
697.719554	-6.655775537
697.7640261	-7.018971551
697.8250263	-6.99559783
697.9034018	-6.533844077
698	-5.5819
698.1143391	-4.123826084
698.2406212	-2.287165938
698.3717191	-0.235333951
698.5005059	1.868255489
698.6198544	3.860187993
698.7226376	5.577049172
698.8017285	6.855424637
698.85	7.5319
698.8628809	7.492696081
698.8460231	6.822574541
698.8076344	5.655932251
698.7559226	4.12716608
698.6990955	2.370672899
698.6453608	0.520849579
698.6029264	-1.287907011
698.58	-2.9212
698.5828288	-4.264956287
698.6098179	-5.286397852
698.6574114	-5.973070443
698.7220539	-6.31251981
698.8001896	-6.292291699
698.8882629	-5.899931862
698.9827183	-5.122986046
699.08	-3.949
699.1767413	-2.391561166
699.2703305	-0.568423757
699.358345	1.376616319
699.438362	3.299763158
699.5079587	5.057220852
699.5647124	6.505193494
699.6062005	7.499885179
699.63	7.8975
699.6347179	7.601217553
699.6230789	6.702119444
699.5988376	5.338262783
699.5657483	3.647704678
699.5275655	1.768502238
699.4880435	-0.161287428
699.4509369	-2.00360721
699.42	-3.6204
699.3983326	-4.896499475
699.3864164	-5.808302456
699.3840781	-6.355096552
699.3911448	-6.536169369
699.4074434	-6.350808514
699.4328009	-5.798301596
699.4670441	-4.877936222
699.51	-3.589
699.5609555	-1.954388989
699.6170368	-0.091433056
699.6748304	1.858929479
699.7309224	3.755760297
699.7818991	5.458121077
699.8243468	6.825073501
699.8548516	7.715679248
699.87	7.989
699.8672986	7.552129062
699.8479362	6.504286241
699.8140221	4.992722971
699.7676656	3.164690682
699.7109758	1.167440808
699.6460621	-0.851775218
699.5750338	-2.745705965
699.5	-4.3671
699.4235024	-5.595109877
699.349812	-6.414504098
699.2836318	-6.836455151
699.2296653	-6.872135525
699.1926156	-6.532717708
699.177186	-5.829374189
699.1880797	-4.773277457
699.23	-3.3756
699.3052347	-1.668084086
699.4064097	0.235248899
699.5237357	2.199807788
699.6474232	4.091001416
699.7676828	5.774238618
699.8747251	7.114928226
699.9587607	7.978479075
700.01	8.2303
700.0215941	7.781957353
699.9984555	6.729647565
699.9484371	5.215724584
699.8793919	3.382542359
699.7991726	1.372454839
699.7156323	-0.672184026
699.6366238	-2.609020289
699.57	-4.2957
699.522256	-5.613474624
699.4944557	-6.538017284
699.4863048	-7.068606515
699.4975093	-7.204520853
699.5277752	-6.945038834
699.5768083	-6.289438995
699.6443146	-5.236999872
699.73	-3.787
699.8322137	-1.964262567
699.943878	0.104210633
700.0565586	2.265873154
700.1618209	4.368178552
700.2512306	6.258580381
700.3163533	7.784532196
700.3487546	8.79348755
700.34	9.1329
700.2850024	8.70144501
700.1920634	7.60268569
700.072832	5.991407061
699.9389571	4.022394143
699.8020875	1.850431958
699.6738722	-0.369694475
699.5659601	-2.483200135
699.49	-4.3353
699.4547689	-5.797522356
699.4575557	-6.846648706
699.4927774	-7.485773859
699.5548508	-7.717992626
699.6381928	-7.546399814
699.7372204	-6.974090233
699.8463505	-6.004158692
699.96	-4.6397
700.0728946	-2.907397189
700.1809949	-0.92828618
700.2805702	1.153008884
700.3678899	3.191863859
700.4392234	5.043654601
700.49084	6.563756968
700.5190091	7.607546815
700.52	8.0304
700.4917777	7.73586326
700.4390898	6.820166863
700.3683794	5.427711957
700.2860897	3.70289969
700.1986637	1.790131213
700.1125446	-0.166192327
700.0341757	-2.021669781
699.97	-3.6319
699.925053	-4.877116594
699.8987395	-5.736092209
699.8890567	-6.212234249
699.8940015	-6.30895012
699.9115711	-6.029647226
699.9397627	-5.377732971
699.9765733	-4.356614761
700.02	-2.9697
700.0678735	-1.243835556
700.1173583	0.700373848
700.1654526	2.718884026
700.2091544	4.667650791
700.245462	6.402629957
700.2713734	7.779777338
700.2838867	8.655048748
700.28	8.8844
700.25775	8.373719951
700.2193273	7.22862963
700.1679612	5.604683108
700.1068808	3.657434458
700.0393153	1.54243775
699.9684938	-0.584752944
699.8976457	-2.568583551
699.83	-4.2535
699.7684312	-5.514778038
699.7143948	-6.35101268
699.6689917	-6.791628763
699.6333224	-6.866051121
699.6084878	-6.603704589
699.5955887	-6.034014002
699.5957259	-5.186404194
699.61	-4.0903
699.6387595	-2.784157606
699.6793433	-1.342558596
699.7283378	0.150884094
699.7823296	1.612557528
699.8379053	2.958848771
699.8916512	4.106144887
699.9401539	4.970832942
699.98	5.4693
700.0083276	5.543475394
700.0244821	5.237457533
700.0283602	4.620887096
700.0198591	3.763404761
699.9988755	2.734651206
699.9653065	1.604267108
699.919049	0.441893147
699.86	-0.68283
699.7893166	-1.704760474
699.7131972	-2.576751694
699.6391002	-3.256155897
699.5744842	-3.700325322
699.5268076	-3.866612207
699.503529	-3.712368789
699.512107	-3.194947308
699.56	-2.2717
699.6510464	-0.932739338
699.7746041	0.700781272
699.9164109	2.47494819
700.0622043	4.235847776
700.1977223	5.82956639
700.3087024	7.102190392
700.3808824	7.899806142
700.4	8.0685
700.3564586	7.506018431
700.2593237	6.316748324
700.1223266	4.656736672
699.9591985	2.682030467
699.7836706	0.548676705
699.609474	-1.587277623
699.4503401	-3.569785523
699.32	-5.2428
699.2294083	-6.479256849
699.1784135	-7.268023006
699.1640873	-7.626948197
699.1835016	-7.573882145
699.2337282	-7.126674575
699.311839	-6.303175212
699.4149056	-5.121233779
699.54	-3.5987
699.6831542	-1.773353928
699.836241	0.237303075
699.9900936	2.295839319
700.1355449	4.264823114
700.2634282	6.006822769
700.3645764	7.384406596
700.4298226	8.260142902
700.45	8.4966
700.4193226	8.004720217
700.3455287	6.888941956
700.2397376	5.30207764
700.1130686	3.39693969
699.976641	1.32634053
699.8415742	-0.75690742
699.7189874	-2.699991738
699.62	-4.3501
699.553364	-5.582910142
699.518363	-6.388061524
699.5119131	-6.783683863
699.5309307	-6.787906875
699.5723319	-6.418860278
699.633033	-5.694673789
699.7099503	-4.633477124
699.8	-3.2534
699.8998384	-1.590961485
700.0050818	0.243761952
700.1110865	2.122304491
700.2132088	3.91620031
700.306805	5.496983591
700.3872314	6.736188513
700.4498443	7.505349256
700.49	7.676
700.5044893	7.165115261
700.495841	6.071430903
700.4680182	4.539123127
700.4249842	2.712368134
700.3707022	0.735342124
700.3091353	-1.247778703
700.2442469	-3.092818144
700.18	-4.6556
700.1201535	-5.818026512
700.0676479	-6.566313689
700.0252195	-6.912755983
699.9956044	-6.869647845
699.9815387	-6.449283726
699.9857586	-5.663958078
700.0110004	-4.525965352
700.06	-3.0476
700.1336859	-1.262892611
700.2257549	0.707181666
700.328096	2.719911548
700.4325983	4.632585747
700.5311509	6.302492977
700.6156426	7.586921953
700.6779627	8.34316139
700.71	8.4285
700.7059429	7.751843442
700.6691764	6.428565149
700.6053848	4.625655496
700.5202523	2.510104859
700.4194634	0.248903615
700.3087021	-1.99095786
700.1936529	-4.042489191
700.08	-5.7387
699.972816	-6.945852251
699.8747271	-7.663217261
699.7877477	-7.923318686
699.7138923	-7.758680183
699.6551754	-7.201825406
699.6136114	-6.285278013
699.5912148	-5.041561659
699.59	-3.5032
699.6108789	-1.717563735
699.6503526	0.208588271
699.7038196	2.153650109
699.7666783	3.996015871
699.8343272	5.61407965
699.9021648	6.886235536
699.9655896	7.690877622
700.02	7.9064
700.0614418	7.453448792
700.0885499	6.42167824
700.1006067	4.942994617
700.0968944	3.149304197
700.0766954	1.172513252
700.0392917	-0.855471944
699.9839659	-2.802745119
699.91	-4.5374
699.8191743	-5.943791197
699.7232602	-6.971316854
699.6365269	-7.585635999
699.5732439	-7.75240766
699.5476804	-7.437290862
699.5741057	-6.605944635
699.6667891	-5.224028005
699.84	-3.2572
700.0969588	-0.732251972
700.3966907	2.079495428
700.6871723	4.845589225
700.9163799	7.233576441
701.03229	8.911004103
700.9828791	9.545419234
700.7161236	8.804368858
700.18	6.3554
699.3606469	2.081090296
698.396852	-3.275860171
697.4655652	-8.757720703
696.7437365	-13.40676061
696.4083157	-16.26524918
696.6362527	-16.37545574
697.6044975	-12.77964958
699.49	-4.5201
702.4071333	8.996590203
706.2199638	26.90648432
710.7299808	47.98131214
715.7386741	70.99280348
721.0475331	94.71268814
726.4580474	117.9126959
731.7717065	139.3645566
736.79	157.84
741.3604097	172.4224549
745.5143867	183.4421463
749.3293747	191.5409981
752.882817	197.3609342
756.2521572	201.5438785
759.5148388	204.7317549
762.7483052	207.5664875
766.03	210.69
769.4140405	214.6064722
772.8612393	219.2691069
776.309083	224.4933624
779.6950579	230.0946973
782.9566506	235.8885701
786.0313475	241.6904391
788.8566352	247.3157629
791.37	252.58
793.5373151	257.3246248
795.4379997	261.4951761
797.1798598	265.0632084
798.8707014	268.0002765
800.6183302	270.2779351
802.5305524	271.8677387
804.7151736	272.7412421
807.28	272.87
810.3049024	272.2597159
813.7580119	271.0526887
817.5795246	269.4253663
821.7096366	267.5541965
826.0885441	265.6156272
830.656443	263.7861061
835.3535296	262.2420811
840.12	261.16
844.9065715	260.6699687
849.7060465	260.7167253
854.5217489	261.1986661
859.3570022	262.0141873
864.2151303	263.0616851
869.0994568	264.2395556
874.0133054	265.4461952
878.96	266.58
883.9445148	267.5550187
888.978427	268.34791
894.0749644	268.9509848
899.2473546	269.3565543
904.5088255	269.5569295
909.8726049	269.5444214
915.3519204	269.3113413
920.96	268.85
926.6982208	268.1841361
932.5205579	267.4631973
938.3691359	266.8680587
944.1860794	266.5795956
949.913513	266.778683
955.4935612	267.6461961
960.8683487	269.3630101
965.98	272.11
970.8222896	275.9658979
975.5955915	280.6008635
980.5519296	285.5829131
985.9433278	290.4800634
992.02181	294.8603307
999.0394002	298.2917316
1007.248122	300.3422825
1016.9	300.58
1028.170668	298.7286394
1040.930201	295.1349113
1054.972286	290.3012653
1070.090609	284.7301509
1086.078856	278.9240176
1102.730713	273.385315
1119.839865	268.6164927
1137.2	265.12
1154.622461	263.2546228
1171.989229	262.8044914
1189.19994	263.4100727
1206.154234	264.7118331
1222.751749	266.3502394
1238.892123	267.9657582
1254.474994	269.1988562
1269.4	269.69
1283.568784	269.2001157
1296.89101	267.9719667
1309.278343	266.3687761
1320.642453	264.7537667
1330.895006	263.4901614
1339.94767	262.9411833
1347.712112	263.4700552
1354.1	265.44
1359.085018	269.0716724
1362.88892	274.0154543
1365.795475	279.779159
1368.088453	285.8706002
1370.051625	291.7975914
1371.96876	297.067946
1374.123628	301.1894777
1376.8	303.67
1380.179228	304.1908899
1384.032997	303.1277787
1388.030576	301.0298613
1391.841233	298.4463325
1395.134236	295.9263872
1397.578852	294.0192201
1398.844351	293.2740261
1398.6	294.24
1396.614085	297.2999437
1393.050965	302.171087
1388.174016	308.4042667
1382.246614	315.5503197
1375.532135	323.1600827
1368.293955	330.7843925
1360.795452	337.974086
1353.3	344.28
1346.017946	349.3669719
1338.947517	353.3558419
1332.033907	356.4814506
1325.222312	358.9786387
1318.457928	361.082247
1311.685951	363.0271162
1304.851577	365.0480869
1297.9	367.38
1290.787566	370.1866607
1283.515217	373.3477329
1276.095044	376.671845
1268.539138	379.9676254
1260.859589	383.0437027
1253.068489	385.7087053
1245.177929	387.7712615
1237.2	389.04
1229.09507	389.2716977
1220.616614	388.0157266
1211.466385	384.7696071
1201.346137	379.0308596
1189.957622	370.2970046
1177.002592	358.0655627
1162.1828	341.8340544
1145.2	321.1
1125.955925	295.6259272
1105.152234	266.234392
1083.690567	234.0129573
1062.472564	200.0491863
1042.399866	165.430642
1024.374113	131.2448875
1009.296944	98.57948581
998.07	68.522
991.3623832	41.97363639
988.9130447	19.09017432
990.2283976	-0.158963603
994.8148554	-15.80435478
1002.178831	-27.87657661
1011.826738	-36.40620649
1023.26499	-41.42382182
1036	-42.96
1049.584992	-41.1046212
1063.760431	-36.18477674
1078.313596	-28.5868607
1093.031764	-18.69726718
1107.702211	-6.902390253
1122.112215	6.411375976
1136.049052	20.85763742
1149.3	36.05
1161.658803	51.63189139
1172.945074	67.36602639
1182.984893	83.04494156
1191.604339	98.46117349
1198.629493	113.4072587
1203.886434	127.6757338
1207.201243	141.0591354
1208.4	153.35
1207.354406	164.3065283
1204.118648	173.5495774
1198.792537	180.6656687
1191.475881	185.2413232
1182.26849	186.8630624
1171.270173	185.1174074
1158.58074	179.5908795
1144.3	169.87
1128.613614	155.8177806
1112.050646	138.4031951
1095.226016	118.871708
1078.754638	98.46878358
1063.251431	78.4398862
1049.331311	60.03048023
1037.609195	44.48603004
1028.7	33.052
1023.037039	26.6689646
1020.327204	25.05793891
1020.095784	27.63504813
1021.868067	33.81641746
1025.169342	43.01817211
1029.524897	54.65643728
1034.46002	68.14733818
1039.5	82.907
1044.244677	98.38753484
1048.592101	114.1850024
1052.514873	129.9314491
1055.985594	145.2589216
1058.976866	159.7994664
1061.46129	173.18513
1063.411467	185.047959
1064.8	195.02
1065.593627	202.7707535
1065.735642	208.119536
1065.163475	210.9231184
1063.814557	211.0382712
1061.62632	208.3217651
1058.536194	202.6303708
1054.48161	193.8208589
1049.4	181.75
1043.304056	166.4468654
1036.507519	148.6297285
1029.399392	129.1891632
1022.368677	109.0157435
1015.804378	89.00004343
1010.095497	70.03263683
1005.631036	53.0040977
1002.8	38.805
1001.850696	28.07799507
1002.468658	20.47404373
1004.198725	15.39618417
1006.585735	12.24745459
1009.174529	10.43089319
1011.509945	9.349538158
1013.136822	8.406427697
1013.6	7.0046
1012.578296	4.677291034
1010.286443	1.478527848
1007.073151	-2.407464738
1003.287132	-6.796461906
999.2770967	-11.50423884
995.3917555	-16.34657071
991.9798196	-21.1392327
989.39	-25.698
987.8697714	-29.86951897
987.2616637	-33.62392075
987.3069706	-36.96220764
987.7469856	-39.88538197
988.3230024	-42.39444605
988.7763146	-44.4904022
988.8482159	-46.17425275
988.28	-47.447
986.8546298	-48.30551046
984.5217458	-48.73010737
981.2726577	-48.69697815
977.0986754	-48.18231023
971.9911087	-47.16229103
965.9412674	-45.61310797
958.9404612	-43.51094849
950.98	-40.832
942.0691313	-37.5912556
932.2888532	-33.95893103
921.7381017	-30.14404774
910.5158127	-26.35562712
898.7209222	-22.80269062
886.4523659	-19.69425965
873.8090799	-17.23935564
860.89	-15.647
847.8478882	-15.06608434
835.0508102	-15.404981
822.9206581	-16.51193247
811.8793236	-18.23518128
802.3486987	-20.42296992
794.7506752	-22.92354092
789.507145	-25.58513677
787.04	-28.256
787.63332	-30.81090898
791.0199372	-33.2307856
796.7948714	-35.52308761
804.5531427	-37.69527276
813.8897712	-39.75479883
824.3997769	-41.70912355
835.6781798	-43.56570469
847.32	-45.332
858.9791247	-47.01238716
870.5449099	-48.59892349
881.9655791	-50.08058624
893.1893555	-51.44635266
904.1644625	-52.6852
914.8391233	-53.78610551
925.1615614	-54.73804643
935.08	-55.53
944.5575641	-56.15180998
953.6169857	-56.59678608
962.2958982	-56.85910454
970.6319353	-56.93294158
978.6627304	-56.81247342
986.4259172	-56.49187629
993.9591292	-55.96532641
1001.3	-55.227
1008.492181	-54.29805653
1015.603397	-53.30758843
1022.707391	-52.41167137
1029.877903	-51.76638101
1037.188678	-51.52779303
1044.713458	-51.85198309
1052.525984	-52.89502685
1060.7	-54.813
1069.240976	-57.66992678
1077.8813	-61.16162581
1086.285086	-64.89186427
1094.116451	-68.46440937
1101.039509	-71.48302829
1106.718376	-73.55148824
1110.817168	-74.27355641
1113	-73.253
1113.03903	-70.23453712
1111.13859	-65.52668959
1107.611053	-59.57893014
1102.768793	-52.84073151
1096.924184	-45.76156645
1090.389599	-38.79090769
1083.477413	-32.37822796
1076.5	-26.973
1069.704269	-22.9507724
1063.075277	-20.3913971
1056.532615	-19.30080189
1049.995877	-19.68491457
1043.384654	-21.54966293
1036.618539	-24.90097476
1029.617123	-29.74477785
1022.3	-36.087
1014.667428	-43.73684204
1007.042333	-51.71659702
999.8283093	-58.85183104
993.4289486	-63.96811019
988.2478444	-65.89100057
984.6885895	-63.44606826
983.1547771	-55.45887938
984.05	-40.755
987.6020931	-18.65161529
993.3358581	9.567613322
1000.600339	42.12740536
1008.744578	77.25248035
1017.117621	113.1675578
1025.068509	148.0973572
1031.946288	180.2665981
1037.1	207.9
1040.049493	229.6552446
1040.997828	245.9218625
1040.318871	257.5223463
1038.386488	265.2791888
1035.574543	270.0148827
1032.256904	272.5519207
1028.807434	273.7127956
1025.6	274.32
1022.939097	275.0515645
1020.851737	276.0076711
1019.295564	277.1440395
1018.228221	278.4163894
1017.60735	279.7804407
1017.390594	281.191913
1017.535597	282.6065262
1018	283.98
1018.749004	285.2882629
1019.778037	286.5880781
1021.090084	287.9564177
1022.688129	289.4702535
1024.575159	291.2065577
1026.754157	293.2423022
1029.228109	295.654459
1032	298.52
1035.08559	301.8579035
1038.55174	305.4551728
1042.478085	309.0408172
1046.944262	312.3438464
1052.029906	315.0932698
1057.814653	317.0180969
1064.378139	317.8473371
1071.8	317.31
1080.122503	315.2406504
1089.238441	311.8960746
1099.003239	307.6386141
1109.272322	302.8306107
1119.901115	297.834406
1130.745042	293.0123415
1141.659529	288.726759
1152.5	285.34
1163.144907	283.1281277
1173.564809	282.0220915
1183.753294	281.8665622
1193.703949	282.5062106
1203.41036	283.7857078
1212.866114	285.5497245
1222.064799	287.6429316
1231	289.91
1239.67287	292.2173075
1248.114822	294.5180595
1256.364833	296.7871685
1264.461881	298.9995467
1272.444944	301.1301066
1280.353	303.1537606
1288.225026	305.0454209
1296.1	306.78
1304.010487	308.3422517
1311.963402	309.7562954
1319.959248	311.056092
1327.998525	312.2756025
1336.081737	313.4487876
1344.209385	314.6096083
1352.381972	315.7920255
1360.6	317.03
1368.864673	318.3427678
1377.180006	319.6906652
1385.550715	321.0193033
1393.981518	322.2742934
1402.477131	323.4012469
1411.042271	324.345775
1419.681655	325.0534889
1428.4	325.47
1437.201328	325.5647629
1446.086887	325.4026065
1455.057228	325.0722027
1464.112903	324.6622238
1473.254466	324.2613419
1482.482468	323.9582292
1491.797462	323.8415579
1501.2	324
1510.679037	324.5037077
1520.177134	325.3487528
1529.625257	326.5126868
1538.95437	327.9730615
1548.095436	329.7074284
1556.97942	331.6933394
1565.537287	333.9083461
1573.7	336.33
1581.421587	338.938082
1588.748326	341.7212888
1595.749556	344.6705463
1602.494619	347.7767804
1609.052854	351.030917
1615.493602	354.4238818
1621.886204	357.9466009
1628.3	361.59
1634.788521	365.3368746
1641.342063	369.1374984
1647.935112	372.9340147
1654.542156	376.6685669
1661.13768	380.2832982
1667.69617	383.720352
1674.192115	386.9218714
1680.6	389.83
1686.888391	392.4206697
1693.002172	394.8049676
1698.880307	397.1277698
1704.461759	399.533952
1709.68549	402.1683902
1714.490466	405.1759604
1718.815648	408.7015383
1722.6	412.89
1725.813774	417.8331029
1728.552372	423.4101311
1730.942487	429.4472499
1733.110809	435.7706251
1735.184031	442.2064222
1737.288842	448.5808066
1739.551935	454.7199441
1742.1	460.45
1745.006904	465.6435592
1748.135213	470.3588831
1751.294666	474.7006523
1754.295003	478.7735475
1756.945965	482.6822492
1759.057292	486.5314381
1760.438724	490.4257949
1760.9	494.47
1760.305484	498.7464688
1758.738026	503.2485553
1756.335099	507.9473478
1753.234177	512.8139349
1749.572733	517.8194052
1745.48824	522.9348471
1741.118171	528.1313492
1736.6	533.38
1732.059442	538.6543545
1727.575185	543.9378333
1723.214157	549.2163237
1719.043289	554.4757129
1715.12951	559.7018879
1711.539749	564.880736
1708.340936	569.9981443
1705.6	575.04
1703.372763	579.9818359
1701.67061	584.7577677
1700.493818	589.2915565
1699.842667	593.5069636
1699.717431	597.3277502
1700.11839	600.6776777
1701.045821	603.4805072
1702.5	605.66
1704.465718	607.1477158
1706.865814	607.9064085
1709.607639	607.90663
1712.598545	607.1189328
1715.745882	605.513869
1718.957003	603.0619907
1722.139259	599.7338504
1725.2	595.5
1728.043076	590.3315194
1730.558322	584.2015985
1732.63207	577.0839547
1734.150654	568.9523052
1735.000407	559.7803677
1735.06766	549.5418593
1734.238747	538.2104976
1732.4	525.76
1729.485612	512.1825345
1725.621212	497.5440725
1720.980291	481.9290357
1715.736338	465.4218463
1710.062842	448.106926
1704.133295	430.0686969
1698.121184	411.3915809
1692.2	392.16
1686.529712	372.5204518
1681.216205	352.8677366
1676.351844	333.6587305
1672.028994	315.3503097
1668.34002	298.3993502
1665.377287	283.262728
1663.233158	270.3973193
1662	260.26
1661.747689	253.1597014
1662.456156	248.813575
1664.08284	246.7908272
1666.585185	246.6606648
1669.920631	247.9922943
1674.046622	250.3549223
1678.920597	253.3177553
1684.5	256.45
1690.728944	259.4076762
1697.498235	262.1940574
1704.68535	264.89923
1712.167766	267.6132809
1719.822962	270.4262967
1727.528414	273.428364
1735.161601	276.7095696
1742.6	280.36
1749.747471	284.4255116
1756.613404	288.7750394
1763.233573	293.2332878
1769.64375	297.6249615
1775.879708	301.774765
1781.977221	305.5074028
1787.97206	308.6475797
1793.9	311.02
1799.796211	312.5053554
1805.693461	313.2082852
1811.623914	313.2894157
1817.619734	312.9093732
1823.713088	312.2287841
1829.936141	311.4082746
1836.321056	310.6084712
1842.9	309.99
1849.688777	309.6733208
1856.637752	309.6182262
1863.680929	309.7443425
1870.752313	309.9712958
1877.785907	310.218712
1884.715717	310.4062174
1891.475747	310.453438
1898	310.28
1904.227195	309.8282366
1910.114905	309.1313099
1915.625416	308.2450892
1920.721014	307.2254438
1925.363985	306.1282429
1929.516616	305.0093557
1933.141192	303.9246517
1936.2	302.93
1938.675488	302.0614867
1940.630751	301.2760653
1942.149046	300.5109061
1943.313631	299.7031791
1944.207761	298.7900548
1944.914695	297.7087034
1945.517689	296.396295
1946.1	294.79
1946.735696	292.845875
1947.46209	290.5955225
1948.307304	288.0894311
1949.299463	285.3780897
1950.466688	282.5119871
1951.837104	279.5416121
1953.438834	276.5174535
1955.3	273.49
1957.437781	270.4984116
1959.825576	267.5365323
1962.425837	264.5868774
1965.201018	261.631962
1968.113571	258.6543014
1971.125951	255.6364108
1974.200609	252.5608052
1977.3	249.41
1980.399311	246.1846388
1983.524668	242.9578796
1986.714932	239.8210085
1990.008965	236.8653121
1993.445628	234.1820767
1997.06378	231.8625886
2000.902284	229.9981343
2005	228.68
2009.393101	227.9706893
2014.107002	227.8175745
2019.164433	228.1392448
2024.588121	228.8542895
2030.400793	229.8812981
2036.625179	231.1388598
2043.284005	232.545564
2050.4	234.02
2057.984537	235.4844202
2066.003573	236.8757287
2074.411711	238.1344929
2083.163552	239.2012799
2092.213699	240.0166568
2101.516754	240.521191
2111.027321	240.6554497
2120.7	240.36
2130.466407	239.6129581
2140.166205	238.5426356
2149.616068	237.314893
2158.632673	236.0955911
2167.032693	235.0505902
2174.632804	234.3457511
2181.249681	234.1469341
2186.7	234.62
2190.857452	235.8913062
2193.823795	237.9291978
2195.757805	240.662517
2196.818258	244.0201059
2197.163929	247.9308065
2196.953592	252.323461
2196.346024	257.1269115
2195.5	262.27
2194.546169	267.6224423
2193.502678	272.8174483
2192.359546	277.4291015
2191.106795	281.0314855
2189.734444	283.1986838
2188.232514	283.50478
2186.591026	281.5238575
2184.8	276.83
2182.813341	269.1063075
2180.440495	258.4719466
2177.454792	245.1551005
2173.629563	229.3839522
2168.738139	211.3866848
2162.55385	191.3914816
2154.850027	169.6265256
2145.4	146.32
2134.09578	121.7727495
2121.304094	96.57626516
2107.510349	71.39469973
2093.199954	46.89220586
2078.858314	23.73293627
2064.970836	2.581043634
2052.02293	-15.89931935
2040.5	-31.044
2030.790454	-42.40796757
2022.894692	-50.42267917
2016.716115	-55.73871383
2012.158123	-59.00665062
2009.124115	-60.87706858
2007.517492	-62.00054676
2007.241654	-63.02766422
2008.2	-64.609
2010.274436	-67.23474638
2013.260887	-70.7535485
2016.933784	-74.85366471
2021.067555	-79.2233534
2025.436633	-83.5508729
2029.815446	-87.5244816
2033.978425	-90.83243784
2037.7	-93.163
2040.805551	-94.29291215
2043.324258	-94.35286122
2045.33625	-93.56201989
2046.921656	-92.1395608
2048.160604	-90.30465661
2049.133225	-88.27647997
2049.919647	-86.27420355
2050.6	-84.517
2051.236366	-83.17674566
2051.818641	-82.2361316
2052.318677	-81.6305526
2052.708322	-81.29540341
2052.959426	-81.16607879
2053.043841	-81.17797351
2052.933416	-81.26648232
2052.6	-81.367
2052.023009	-81.42100366
2051.212114	-81.39429986
2050.184552	-81.25877752
2048.957558	-80.98632556
2047.54837	-80.54883291
2045.974223	-79.91818849
2044.252355	-79.06628121
2042.4	-77.965
2040.447185	-76.61053464
2038.475091	-75.09627835
2036.577688	-73.53992522
2034.848946	-72.05916934
2033.382836	-70.77170479
2032.273328	-69.79522566
2031.614393	-69.24742603
2031.5	-69.246
2031.995478	-69.86039295
2033.051586	-70.9670555
2034.59044	-72.39418957
2036.534158	-73.96999709
2038.804856	-75.52267996
2041.324651	-76.88044013
2044.01566	-77.8714795
2046.8	-78.324
2049.605473	-78.140542
2052.382629	-77.52099965
2055.0877	-76.73960556
2057.676922	-76.07059232
2060.106529	-75.78819255
2062.332754	-76.16663883
2064.311833	-77.48016378
2066	-80.003
2067.385753	-83.82502695
2068.586649	-88.29871152
2069.752509	-92.5921675
2071.033154	-95.87350863
2072.578404	-97.31084868
2074.538082	-96.07230142
2077.062006	-91.3259806
2080.3	-82.24
2084.366553	-68.26415686
2089.234837	-49.97498238
2094.842693	-28.23069125
2101.127963	-3.889498167
2108.028487	22.19038219
2115.482107	49.15073513
2123.426664	76.13334596
2131.8	102.28
2140.520886	126.8671056
2149.431815	149.7095629
2158.356211	170.7568954
2167.117496	189.9586263
2175.539094	207.2642789
2183.444429	222.6233765
2190.656923	235.9854425
2197	247.3
2202.352833	256.5635276
2206.81759	263.9603245
2210.552191	269.7216448
2213.714554	274.078743
2216.462598	277.2628733
2218.954241	279.50529
2221.347402	281.0372475
2223.8	282.09
2226.436338	282.8690965
2229.246262	283.4772643
2232.186002	283.9915254
2235.211788	284.4889018
2238.27985	285.0464154
2241.34642	285.7410884
2244.367726	286.6499426
2247.3	287.85
2250.088923	289.409774
2252.637986	291.3637435
2254.840129	293.7378788
2256.588294	296.55815
2257.775422	299.8505275
2258.294455	303.6409814
2258.038334	307.9554822
2256.9	312.82
2254.813827	318.2328035
2251.879919	324.0813554
2248.23981	330.2254167
2244.035036	336.5247483
2239.407132	342.8391114
2234.497635	349.0282671
2229.448079	354.9519762
2224.4	360.47
2219.460651	365.4507696
2214.600152	369.7973973
2209.754343	373.4216655
2204.859063	376.2353567
2199.85015	378.1502533
2194.663443	379.0781378
2189.23478	378.9307925
2183.5	377.62
2177.416032	375.1142937
2171.02416	371.6092115
2164.386762	367.3570422
2157.566212	362.6100747
2150.624885	357.6205979
2143.625157	352.6409006
2136.629404	347.9232717
2129.7	343.72
2122.896903	340.2213718
2116.270394	337.3696628
2109.868335	335.0451459
2103.73859	333.1280943
2097.929021	331.4987808
2092.487492	330.0374786
2087.461864	328.6244607
2082.9	327.14
2078.84499	325.4804729
2075.320828	323.6066685
2072.346733	321.4954794
2069.941928	319.1237981
2068.125631	316.468517
2066.917064	313.5065286
2066.335447	310.2147255
2066.4	306.57
2067.105169	302.5739242
2068.346296	298.3267881
2069.99395	293.9535613
2071.918699	289.5792133
2073.991111	285.3287136
2076.081753	281.3270318
2078.061193	277.6991374
2079.8	274.57
2081.231991	272.0423459
2082.543987	270.129929
2083.986058	268.8242597
2085.808275	268.1168488
2088.260707	267.9992068
2091.593425	268.4628442
2096.056499	269.4992718
2101.9	271.1
2109.308858	273.2782936
2118.207441	276.1344334
2128.45498	279.7904544
2139.910701	284.3683915
2152.433835	289.9902797
2165.883611	296.7781539
2180.119256	304.854049
2195	314.34
2210.386874	325.2618234
2226.148122	337.2604623
2242.153789	349.8806413
2258.27392	362.667085
2274.378561	375.1645181
2290.337757	386.9176652
2306.021555	397.471251
2321.3	406.37
2335.966105	413.12869
2349.504757	417.142311
2361.323811	417.7759061
2370.83112	414.3945183
2377.434539	406.3631908
2380.541922	393.0469665
2379.561124	373.8108885
2373.9	348.02
2363.209837	315.4513676
2348.115661	277.5301529
2329.48593	236.0935409
2308.189102	192.9787166
2285.093636	150.0228653
2261.067992	109.063172
2236.980627	71.9368219
2213.7	40.481
2191.972085	16.03244485
2172.052911	-2.073891379
2154.076026	-15.00350314
2138.174973	-23.92188485
2124.483299	-29.99453096
2113.134548	-34.3869359
2104.262267	-38.2645941
2098	-42.793
2094.38034	-48.86140488
2093.032068	-56.25408738
2093.483014	-64.479083
2095.261005	-73.04442723
2097.893871	-81.45815555
2100.909439	-89.22830346
2103.83554	-95.86290645
2106.2	-100.87
2107.635071	-103.8938429
2108.19069	-105.1235872
2108.021215	-104.8846082
2107.281006	-103.5022812
2106.124421	-101.3019816
2104.705819	-98.60908464
2103.179559	-95.74896567
2101.7	-93.047
2100.399103	-90.76602814
2099.319235	-88.91875125
2098.480368	-87.45533569
2097.902472	-86.32594781
2097.605516	-85.48075395
2097.609472	-84.86992046
2097.93431	-84.4436137
2098.6	-84.152
2099.614027	-83.95532188
2100.933933	-83.85412653
2102.504774	-83.8590373
2104.271608	-83.98067752
2106.179491	-84.22967055
2108.17348	-84.61663975
2110.19863	-85.15220845
2112.2	-85.847
2114.124673	-86.69992065
2115.927847	-87.66300824
2117.566746	-88.67658348
2118.998596	-89.68096711
2120.180621	-90.61647985
2121.070047	-91.42344243
2121.624098	-92.04217557
2121.8	-92.413
2121.571655	-92.4939955
2120.979679	-92.314278
2120.081366	-91.92072252
2118.934008	-91.36020404
2117.594899	-90.67959755
2116.121332	-89.92577805
2114.570602	-89.14562054
2113	-88.386
2111.447495	-87.68451338
2109.873748	-87.04164537
2108.220095	-86.44860261
2106.427873	-85.89659174
2104.438416	-85.37681941
2102.193061	-84.88049225
2099.633144	-84.3988169
2096.7	-83.923
2093.33817	-83.44162678
2089.505016	-82.93279678
2085.161104	-82.37198814
2080.267001	-81.734679
2074.783272	-80.99634748
2068.670485	-80.13247172
2061.889205	-79.11852985
2054.4	-77.93
2046.188496	-76.5502842
2037.340562	-74.99448001
2027.967128	-73.28560888
2018.179124	-71.44669226
2008.08748	-69.50075162
1997.803124	-67.47080839
1987.436988	-65.37988403
1977.1	-63.251
1966.889487	-61.13051768
1956.848361	-59.15815819
1947.00593	-57.49698259
1937.391502	-56.31005194
1928.034387	-55.7604273
1918.963893	-56.01116973
1910.209328	-57.22534027
1901.8	-59.566
1893.784806	-63.04263337
1886.290995	-67.05041849
1879.465403	-70.83095685
1873.454866	-73.62584996
1868.406221	-74.67669933
1864.466304	-73.22510646
1861.781951	-68.51267284
1860.5	-59.781
1860.69453	-46.56526719
1862.148596	-29.57496473
1864.572498	-9.813160708
1867.676534	11.7170768
1871.171003	34.0126797
1874.766204	56.07057993
1878.172437	76.88770939
1881.1	95.461
1883.31266	111.0279092
1884.788058	123.7879962
1885.557301	134.1813458
1885.651499	142.6480428
1885.101759	149.6281719
1883.939191	155.561818
1882.194901	160.8890658
1879.9	166.05
1877.095455	171.4135134
1873.861673	177.0637301
1870.288922	183.0135823
1866.46747	189.2760021
1862.487584	195.8639217
1858.439532	202.7902731
1854.413582	210.0679885
1850.5	217.71
1846.771928	225.6475159
1843.234002	233.4848491
1839.873729	240.7445887
1836.678621	246.9493238
1833.636184	251.6216434
1830.733929	254.2841366
1827.959365	254.4593924
1825.3	251.67
1822.746521	245.6296261
1820.302321	236.8162484
1817.973973	225.8989221
1815.768048	213.5467027
1813.691116	200.4286454
1811.74975	187.2138056
1809.950521	174.5712387
1808.3	163.17
1806.807419	153.5260304
1805.492651	145.5428137
1804.37823	138.9707189
1803.486689	133.5601155
1802.840562	129.0613726
1802.462382	125.2248596
1802.374684	121.8009456
1802.6	118.54
1803.141968	115.2530412
1803.928638	111.9936845
1804.869163	108.8761943
1805.872698	106.0148353
1806.848395	103.5238719
1807.705409	101.5175685
1808.352893	100.1101897
1808.7	99.416
1808.683694	99.49690248
1808.352173	100.2053547
1807.781445	101.3414529
1807.04752	102.7052933
1806.226404	104.096972
1805.394107	105.3165852
1804.626636	106.1642291
1804	106.44
1803.562125	106.0042473
1803.248609	104.9583341
1802.96697	103.4638767
1802.624723	101.6824916
1802.129386	99.77579493
1801.388476	97.90540322
1800.309508	96.23293279
1798.8	94.92
1796.795932	94.07965509
1794.347141	93.6306838
1791.531926	93.44330573
1788.428587	93.38774049
1785.115426	93.33420769
1781.67074	93.15292693
1778.172832	92.71411784
1774.7	91.888
1771.313717	90.58567722
1768.00814	88.88179006
1764.7606	86.89186323
1761.548427	84.73142149
1758.34895	82.51598955
1755.1395	80.36109217
1751.897407	78.38225408
1748.6	76.695
1745.232209	75.38079616
1741.809361	74.38487472
1738.354384	73.61840931
1734.890204	72.99257357
1731.439749	72.41854113
1728.025945	71.80748563
1724.67172	71.07058071
1721.4	70.119
1718.230104	68.91117523
1715.166915	67.59457043
1712.211707	66.36390773
1709.365756	65.41390925
1706.630335	64.93929711
1704.006719	65.13479344
1701.496182	66.19512037
1699.1	68.315
1696.80343	71.54624902
1694.527667	75.36906232
1692.177889	79.12072931
1689.659273	82.13853944
1686.876998	83.75978214
1683.736243	83.32174685
1680.142184	80.16172299
1676	73.617
1671.264183	63.2929029
1666.086479	49.86689906
1660.667949	34.28449144
1655.209652	17.49118298
1649.912648	0.432476655
1644.977999	-15.94612459
1640.606762	-30.69911779
1637	-42.881
1634.306244	-51.79380203
1632.463916	-57.72968981
1631.358909	-61.22836302
1630.877119	-62.82952137
1630.904439	-63.07286455
1631.326763	-62.49809225
1632.029985	-61.64490417
1632.9	-61.053
1633.82549	-61.13951313
1634.706296	-61.8313117
1635.445046	-62.93269755
1635.944371	-64.2479725
1636.1069	-65.58143839
1635.835261	-66.73739705
1635.032085	-67.52015031
1633.6	-67.734
1631.484374	-67.24785442
1628.801527	-66.18904775
1625.710515	-64.7495206
1622.370396	-63.12121362
1618.940228	-61.49606744
1615.579067	-60.06602268
1612.445972	-59.02301999
1609.7	-58.559
1607.423732	-58.81782112
1605.393848	-59.75101293
1603.310551	-61.26202277
1600.874045	-63.25429801
1597.784533	-65.631286
1593.742219	-68.29643409
1588.447307	-71.15318964
1581.6	-74.105
1573.029096	-76.97521265
1563.077769	-79.26677554
1552.217789	-80.40253674
1540.920925	-79.80534433
1529.658944	-76.89804637
1518.903618	-71.10349095
1509.126713	-61.84452614
1500.8	-48.544
1494.24133	-30.93572672
1489.152888	-9.997384924
1485.082941	12.98238067
1481.579757	36.71492532
1478.191603	59.91160431
1474.466748	81.28377291
1469.953457	99.54278638
1464.2	113.4
1456.879217	121.9183441
1448.162242	125.5670496
1438.344783	125.1669223
1427.722548	121.538768
1416.591244	115.5033928
1405.24658	107.8816025
1393.984263	99.49420289
1383.1	91.162
1372.849225	83.55220951
1363.32627	76.7176865
1354.585193	70.55769586
1346.680052	64.97150251
1339.664905	59.85837134
1333.593808	55.11756726
1328.520821	50.64835518
1324.5	46.35
1321.542047	42.17342523
1319.48424	38.27618878
1318.120498	34.86750717
1317.244743	32.15659693
1316.650895	30.35267458
1316.132875	29.66495662
1315.484603	30.30265959
1314.5	32.475
1313.002702	36.2781638
1310.935207	41.35621464
1308.269727	47.2401856
1304.978475	53.46110976
1301.033663	59.5500202
1296.407505	65.03795
1291.072213	69.45593224
1285	72.335
1278.199878	73.33189614
1270.828057	72.60620266
1263.077547	70.44321136
1255.141357	67.12821402
1247.212498	62.94650242
1239.483979	58.18336836
1232.14881	53.12410363
1225.4	48.054
1219.388998	43.22700165
1214.101004	38.77166221
1209.479657	34.78518771
1205.468597	31.36478417
1202.011462	28.60765761
1199.051891	26.61101405
1196.533524	25.47205951
1194.4	25.288
1192.59628	26.10578478
1191.072616	27.771336
1189.780583	30.08031905
1188.671756	32.8283993
1187.697709	35.81124213
1186.810018	38.82451294
1185.960256	41.6638771
1185.1	44.125
1184.191899	46.06719322
1183.242908	47.60435316
1182.271059	48.91402243
1181.294381	50.17374364
1180.330905	51.5610594
1179.398663	53.2535123
1178.515684	55.42864497
1177.7	58.264
1176.962491	61.89477633
1176.285438	66.28679824
1175.643972	71.3635463
1175.013222	77.04850113
1174.368319	83.26514332
1173.684394	89.93695346
1172.936578	96.98741216
1172.1	104.34
1171.150714	111.8375237
1170.068463	119.0000945
1168.833914	125.2671498
1167.427732	130.0781268
1165.830583	132.872463
1164.023134	133.0895957
1161.986051	130.1689623
1159.7	123.55
1157.160044	112.9300524
1154.418834	99.03808774
1151.54342	82.86098018
1148.600851	65.38560406
1145.658176	47.59883369
1142.782443	30.48754336
1140.040701	15.03860736
1137.5	2.2389
1135.225713	-7.191632916
1133.276513	-13.60075955
1131.709397	-17.60317656
1130.581364	-19.81358058
1129.94941	-20.84666829
1129.870533	-21.31713633
1130.40173	-21.83968135
1131.6	-23.029
1133.487104	-25.34603309
1135.943864	-28.63669798
1138.815865	-32.59315618
1141.948694	-36.90756923
1145.187936	-41.27209861
1148.379177	-45.37890586
1151.368003	-48.92015249
1154	-51.588
1156.158292	-53.15979392
1157.876157	-53.75361573
1159.224408	-53.57273093
1160.273862	-52.82040501
1161.095333	-51.69990347
1161.759636	-50.41449179
1162.337587	-49.16743547
1162.9	-48.162
1163.504531	-47.55506078
1164.156197	-47.31793286
1164.846854	-47.37554119
1165.56836	-47.65281072
1166.31257	-48.07466641
1167.071342	-48.56603322
1167.836533	-49.0518361
1168.6	-49.457
1169.351317	-49.71984773
1170.07093	-49.83229347
1170.737003	-49.79964925
1171.3277	-49.62722711
1171.821184	-49.32033908
1172.19562	-48.8842972
1172.42917	-48.3244135
1172.5	-47.646
1172.398014	-46.86960495
1172.160083	-46.0767214
1171.834822	-45.36407861
1171.470842	-44.82840584
1171.116756	-44.56643233
1170.821179	-44.67488735
1170.632723	-45.25050015
1170.6	-46.39
1170.73905	-48.13765825
1170.935612	-50.32791467
1171.042851	-52.74275114
1170.913934	-55.16414954
1170.402025	-57.37409175
1169.360289	-59.15455965
1167.641893	-60.2875351
1165.1	-60.555
1161.63524	-59.81033238
1157.338094	-58.19249493
1152.346507	-55.91184651
1146.798422	-53.17874599
1140.831785	-50.20355222
1134.584539	-47.19662406
1128.194629	-44.36832037
1121.8	-41.929
1115.510614	-40.04258647
1109.324511	-38.68726187
1103.211746	-37.79477297
1097.142377	-37.2968665
1091.086461	-37.12528921
1085.014055	-37.21178787
1078.895215	-37.48810922
1072.7	-37.886
1066.400623	-38.34424558
1059.977925	-38.8297857
1053.414908	-39.31659873
1046.69457	-39.77866303
1039.799911	-40.18995694
1032.71393	-40.52445884
1025.419626	-40.75614707
1017.9	-40.859
1010.147325	-40.81470076
1002.190975	-40.63575157
994.0695984	-40.34235945
985.821843	-39.9547314
977.4863572	-39.49307442
969.1017892	-38.97759553
960.7067874	-38.42850172
952.34	-37.866
944.0344908	-37.30811741
935.8009861	-36.76416114
927.6446279	-36.24125839
919.570558	-35.74653637
911.5839184	-35.28712231
903.6898509	-34.87014342
895.8934975	-34.50272691
888.2	-34.192
880.610278	-33.94339014
873.1083615	-33.75552576
865.674058	-33.62533552
858.287175	-33.54974811
850.9275202	-33.52569218
843.574901	-33.5500964
836.2091251	-33.61988945
828.81	-33.732
821.3653736	-33.87959742
813.8952554	-34.04081396
806.4276949	-34.19002257
798.990742	-34.3015962
791.6124463	-34.34990781
784.3208576	-34.30933034
777.1440256	-34.15423675
770.11	-33.859
763.2512938	-33.40751314
756.6182732	-32.82174964
750.2657678	-32.13320309
744.2486069	-31.37336708
738.6216202	-30.57373518
733.4396372	-29.76580098
728.7574873	-28.98105806
724.63	-28.251
721.0868144	-27.59277386
718.056808	-26.9661406
715.4436676	-26.31651466
713.1510802	-25.58931047
711.0827328	-24.72994248
709.1423124	-23.68382511
707.2335058	-22.3963728
705.26	-20.813
703.153714	-18.89592219
700.9594948	-16.67455905
698.7504212	-14.19513133
696.5995721	-11.50385978
694.5800266	-8.646965128
692.7648634	-5.67066812
691.2271616	-2.621189497
690.04	0.45525
689.253056	3.501716996
688.8224004	6.418427581
688.6807024	9.094885211
688.7606313	11.42059334
688.9948562	13.28505543
689.3160465	14.57777493
689.6568714	15.1882553
689.95	15.006
690.145898	13.97012442
690.2662162	12.2181917
690.3504021	9.937376918
690.4379028	7.314855164
690.5681657	4.537801514
690.780638	1.79339105
691.114767	-0.731201148
691.61	-2.8488
692.2915162	-4.414060072
693.1274222	-5.448954519
694.0715565	-6.017286143
695.0777576	-6.182857747
696.099864	-6.009472132
697.0917142	-5.560932101
698.0071467	-4.901040456
698.8	-4.0936
699.434424	-3.201481141
699.9158138	-2.283824714
700.2598759	-1.398839162
700.482317	-0.604732927
700.5988434	0.040285549
700.6251617	0.478007823
700.5769784	0.650225454
700.47	0.49873
700.319284	-0.010977572
700.1372914	-0.818558657
699.9358343	-1.839965236
699.7267246	-2.991149295
699.5217743	-4.188062817
699.3327955	-5.346657786
699.1716	-6.382886186
699.05	-7.2127
698.9768189	-7.768055269
698.9489267	-8.044924254
698.9602048	-8.055283272
699.0045346	-7.811108643
699.0757976	-7.324376684
699.1678752	-6.607063711
699.2746489	-5.671146044
699.39	-4.5286
699.5081082	-3.205568755
699.6243454	-1.784862923
699.7343816	-0.363459975
699.8338869	0.961662618
699.9185313	2.093527383
699.983985	2.93515685
700.0259178	3.389573546
700.04	3.3598
700.0234436	2.786643767
699.9796293	1.762052509
699.9134798	0.415758914
699.8299179	-1.122504328
699.7338662	-2.72300453
699.6302475	-4.256009001
699.5239845	-5.591785054
699.42	-6.6006
699.3230978	-7.184035413
699.2376061	-7.368929924
699.1677343	-7.213436423
699.1176917	-6.775707804
699.0916876	-6.11389696
699.0939314	-5.286156783
699.1286324	-4.350640165
699.2	-3.3655
699.3084035	-2.385599574
699.4388525	-1.452643752
699.5725166	-0.605047792
699.6905654	0.118773046
699.7741685	0.680403503
699.8044956	1.04142832
699.7627162	1.163432239
699.63	1.008
699.394675	0.556993475
699.0737028	-0.126616945
698.6912034	-0.959583737
698.2712968	-1.858659379
697.8381032	-2.740596349
697.4157425	-3.522147123
697.0283348	-4.120064181
696.7	-4.4511
696.4488732	-4.453861824
696.269149	-4.154375967
696.1490372	-3.600523509
696.0767473	-2.840185529
696.0404889	-1.921243109
696.0284719	-0.891577327
696.0289057	0.200930736
696.03	1.3084
696.0220589	2.384138588
696.0037636	3.386211439
695.9758901	4.273872695
695.9392141	5.006376496
695.8945113	5.542976986
695.8425575	5.842928305
695.7841285	5.865484596
695.72	5.5699
695.651407	4.938926221
695.5814214	4.04930521
695.5135741	3.00127648
695.4513963	1.895079544
695.398419	0.830953915
695.3581731	-0.090860894
695.3341898	-0.77012537
695.33	-1.1066
695.3478013	-1.031573159
695.384457	-0.602444778
695.4354969	0.091857324
695.4964506	0.962405329
695.562848	1.920271418
695.6302189	2.876527772
695.694093	3.742246572
695.75	4.4285
695.7946338	4.865527354
695.8293443	5.060236403
695.8566455	5.038702036
695.8790512	4.826999139
695.8990756	4.4512026
695.9192326	3.937387305
695.942036	3.311628143
695.97	2.6
696.005226	1.832552807
696.0481658	1.055236665
696.0988588	0.317976719
696.1573444	-0.329301886
696.223662	-0.836674005
696.2978508	-1.154214494
